1 0.426 0.7642642642642643 0.196 0.40540540540540543
1 0.511 0.56006006006006 0.106 0.1891891891891892
1 0.6990000000000001 0.6486486486486487 0.138 0.25825825825825827
1 0.833 0.5735735735735735 0.114 0.23423423423423423
1 0.913 0.512012012012012 0.07 0.1831831831831832
1 0.968 0.47897897897897895 0.052000000000000005 0.15315315315315314
1 0.247 0.6051051051051051 0.138 0.27927927927927926
1 0.124 0.5345345345345345 0.108 0.21621621621621623
1 0.267 0.42792792792792794 0.046 0.08108108108108109
1 0.38 0.5 0.092 0.16516516516516516
1 0.429 0.42342342342342343 0.07 0.13213213213213212
1 0.47400000000000003 0.3963963963963964 0.052000000000000005 0.0960960960960961
1 0.509 0.3738738738738739 0.038 0.09309309309309309
1 0.337 0.4069069069069069 0.062 0.09309309309309309
1 0.294 0.36186186186186187 0.04 0.08708708708708708
1 0.202 0.4174174174174174 0.048 0.0960960960960961
1 0.188 0.33783783783783783 0.036000000000000004 0.057057057057057055
1 0.23600000000000002 0.3708708708708709 0.036000000000000004 0.09309309309309309
1 0.108 0.37987987987987987 0.052000000000000005 0.08108108108108109
1 0.06 0.3663663663663664 0.044 0.1021021021021021
1 0.592 0.36936936936936937 0.036000000000000004 0.07207207207207207
1 0.644 0.3843843843843844 0.048 0.04804804804804805
1 0.674 0.36786786786786785 0.028 0.06306306306306306
1 0.721 0.3948948948948949 0.038 0.08108108108108109
1 0.534 0.47147147147147145 0.048 0.09009009009009009
1 0.64 0.49399399399399396 0.092 0.14714714714714713
1 0.337 0.33183183183183185 0.022 0.02702702702702703
