1 0.7000000000000001 0.3783783783783784 0.06 0.2882882882882883
1 0.611 0.4519519519519519 0.046 0.14114114114114115
1 0.514 0.5705705705705706 0.092 0.18618618618618618
1 0.28 0.46996996996997 0.056 0.12912912912912913
1 0.027 0.6186186186186187 0.054 0.11411411411411411
1 0.14300000000000002 0.521021021021021 0.05 0.2072072072072072
1 0.052000000000000005 0.43243243243243246 0.032 0.1021021021021021
1 0.193 0.3948948948948949 0.026000000000000002 0.06306306306306306
1 0.295 0.3948948948948949 0.022 0.03903903903903904
1 0.342 0.37537537537537535 0.016 0.04204204204204204
1 0.745 0.47597597597597596 0.038 0.10510510510510511
