1 0.189 0.744 0.098 0.46399999999999997
1 0.29 0.7426666666666667 0.112 0.48266666666666663
1 0.039 0.7386666666666667 0.078 0.5173333333333333
1 0.387 0.6466666666666666 0.058 0.248
1 0.768 0.6493333333333333 0.028 0.14666666666666667
1 0.845 0.6933333333333334 0.038 0.24
1 0.522 0.5693333333333334 0.028 0.08266666666666667
1 0.559 0.66 0.046 0.24266666666666667
1 0.486 0.6706666666666666 0.044 0.25866666666666666
1 0.712 0.6493333333333333 0.032 0.19466666666666665
1 0.8130000000000001 0.5346666666666666 0.022 0.034666666666666665
