1 0.396551724137931 0.733 0.3209549071618037 0.53
1 0.08421750663129973 0.641 0.16843501326259946 0.542
1 0.25132625994694957 0.406 0.04376657824933687 0.092
1 0.40185676392572944 0.371 0.042440318302387266 0.17400000000000002
1 0.49403183023872677 0.352 0.06763925729442971 0.108
1 0.1445623342175066 0.329 0.055702917771883284 0.098
1 0.4416445623342175 0.445 0.04509283819628647 0.27
1 0.6757294429708223 0.675 0.1419098143236074 0.602
1 0.8368700265251989 0.328 0.03183023872679045 0.08
1 0.6710875331564986 0.338 0.07957559681697612 0.096
1 0.5968169761273209 0.318 0.0636604774535809 0.084
