1 0.2646276595744681 0.709 0.20212765957446807 0.186
1 0.4295212765957447 0.635 0.1356382978723404 0.186
1 0.7253989361702128 0.6910000000000001 0.12101063829787234 0.306
1 0.07513297872340426 0.643 0.11569148936170212 0.138
1 0.1356382978723404 0.536 0.047872340425531915 0.084
1 0.05585106382978723 0.503 0.026595744680851064 0.054
1 0.2353723404255319 0.507 0.0398936170212766 0.07
1 0.3204787234042553 0.519 0.05053191489361702 0.082
1 0.45279255319148937 0.47500000000000003 0.030585106382978722 0.05
1 0.6569148936170213 0.489 0.034574468085106384 0.058
1 0.6941489361702128 0.488 0.03723404255319149 0.04
1 0.9168882978723404 0.529 0.054521276595744676 0.126
1 0.9607712765957447 0.503 0.057180851063829786 0.078
