1 0.43275632490013316 0.41100000000000003 0.2849533954727031 0.714
1 0.6864181091877497 0.317 0.057256990679094545 0.14200000000000002
1 0.810918774966711 0.459 0.1118508655126498 0.17400000000000002
1 0.8422103861517977 0.34400000000000003 0.05992010652463382 0.076
1 0.7649800266311585 0.245 0.03861517976031958 0.098
1 0.7270306258322238 0.222 0.026631158455392812 0.076
1 0.7996005326231692 0.215 0.02796271637816245 0.042
1 0.8994673768308922 0.21 0.033288948069241014 0.052000000000000005
1 0.9687083888149135 0.20800000000000002 0.02529960053262317 0.06
1 0.6251664447403462 0.271 0.041278295605858856 0.106
1 0.933422103861518 0.333 0.0426098535286285 0.078
1 0.8708388814913449 0.28800000000000003 0.037283621837549935 0.07200000000000001
1 0.8328894806924102 0.246 0.02529960053262317 0.088
