1 0.1640625 0.6435294117647058 0.321875 0.6941176470588235
1 0.42265625 0.4341176470588235 0.07968750000000001 0.28470588235294114
1 0.52265625 0.3352941176470588 0.0578125 0.09176470588235293
1 0.7328125000000001 0.42823529411764705 0.1 0.1788235294117647
1 0.8984375 0.35882352941176465 0.059375000000000004 0.08235294117647059
1 0.7890625 0.2717647058823529 0.025 0.04470588235294117
1 0.45 0.28823529411764703 0.037500000000000006 0.06823529411764705
1 0.33203125 0.32352941176470584 0.0671875 0.1388235294117647
1 0.51796875 0.2729411764705882 0.0234375 0.03764705882352941
1 0.5789062500000001 0.2776470588235294 0.029687500000000002 0.042352941176470586
1 0.6890625 0.2611764705882353 0.021875000000000002 0.051764705882352935
