1 0.26875 0.812807881773399 0.06527777777777778 0.35960591133004927
1 0.18541666666666667 0.791871921182266 0.10138888888888889 0.2142857142857143
1 0.44930555555555557 0.3103448275862069 0.09027777777777778 0.3103448275862069
1 0.6784722222222223 0.29802955665024633 0.08472222222222223 0.2315270935960591
1 0.7694444444444445 0.21182266009852216 0.06666666666666667 0.17733990147783252
1 0.8833333333333334 0.29926108374384236 0.075 0.19950738916256158
1 0.9506944444444445 0.8399014778325123 0.09583333333333334 0.30049261083743845
1 0.5347222222222222 0.7832512315270936 0.07222222222222223 0.4285714285714286
1 0.6083333333333334 0.8263546798029556 0.1 0.29802955665024633
1 0.16041666666666668 0.2672413793103448 0.12083333333333333 0.22413793103448276
1 0.04583333333333334 0.2315270935960591 0.09166666666666667 0.458128078817734
1 0.6 0.3374384236453202 0.08333333333333334 0.3054187192118227
1 0.05694444444444444 0.8054187192118226 0.10555555555555556 0.3645320197044335
1 0.38472222222222224 0.8115763546798029 0.08055555555555556 0.19950738916256158
