1 0.22112462006079028 0.8076923076923077 0.16261398176291794 0.37980769230769235
1 0.4034954407294833 0.826923076923077 0.12917933130699089 0.3317307692307693
1 0.3221884498480243 0.6310096153846154 0.07598784194528875 0.18028846153846154
1 0.07218844984802432 0.7788461538461539 0.13829787234042554 0.3701923076923077
1 0.6679331306990881 0.8617788461538463 0.19604863221884497 0.2668269230769231
1 0.7583586626139818 0.6598557692307693 0.0972644376899696 0.2091346153846154
1 0.8837386018237082 0.8088942307692308 0.1474164133738602 0.22836538461538464
1 0.4969604863221884 0.6454326923076923 0.06990881458966565 0.16105769230769232
1 0.5653495440729484 0.4447115384615385 0.08814589665653495 0.13461538461538464
1 0.3966565349544073 0.5637019230769231 0.0425531914893617 0.10336538461538462
1 0.4506079027355623 0.5480769230769231 0.05623100303951368 0.07692307692307693
1 0.26443768996960487 0.5625 0.06382978723404255 0.11057692307692309
