1 0.137 0.6186666666666667 0.23800000000000002 0.32
1 0.394 0.5733333333333334 0.23600000000000002 0.33066666666666666
1 0.581 0.5613333333333334 0.17400000000000002 0.2693333333333333
1 0.733 0.48933333333333334 0.114 0.248
1 0.877 0.476 0.158 0.32266666666666666
1 0.518 0.3253333333333333 0.07200000000000001 0.128
1 0.397 0.3213333333333333 0.05 0.104
1 0.155 0.344 0.074 0.10133333333333333
1 0.254 0.268 0.064 0.12533333333333332
1 0.039 0.36133333333333334 0.074 0.12533333333333332
1 0.439 0.17333333333333334 0.026000000000000002 0.048
1 0.481 0.17333333333333334 0.026000000000000002 0.03733333333333333
1 0.534 0.19599999999999998 0.036000000000000004 0.06133333333333333
1 0.681 0.2906666666666667 0.046 0.08533333333333333
1 0.606 0.312 0.08 0.12266666666666666
1 0.324 0.22266666666666665 0.06 0.08266666666666667
1 0.835 0.25066666666666665 0.054 0.08533333333333333
