1 0.187 0.5826666666666667 0.14200000000000002 0.22133333333333333
1 0.515 0.6746666666666666 0.114 0.4106666666666667
1 0.432 0.5546666666666666 0.07200000000000001 0.29866666666666664
1 0.898 0.44 0.068 0.10666666666666666
1 0.718 0.42 0.064 0.08266666666666667
1 0.608 0.372 0.044 0.07733333333333334
1 0.483 0.3733333333333333 0.038 0.06933333333333333
1 0.332 0.36666666666666664 0.028 0.07733333333333334
1 0.224 0.36 0.032 0.03733333333333333
1 0.166 0.38 0.048 0.06133333333333333
1 0.9570000000000001 0.488 0.082 0.12266666666666666
