1 0.19818181818181818 0.3106267029972752 0.2 0.49046321525885556
1 0.4536363636363636 0.5054495912806539 0.19818181818181818 0.3896457765667575
1 0.6763636363636364 0.5667574931880108 0.2109090909090909 0.8337874659400545
1 0.84 0.2888283378746594 0.17454545454545456 0.3760217983651226
1 0.9354545454545454 0.16212534059945505 0.11818181818181818 0.3079019073569482
1 0.46 0.2220708446866485 0.06181818181818182 0.1444141689373297
1 0.5290909090909091 0.2220708446866485 0.05818181818181818 0.17166212534059944
1 0.13090909090909092 0.7465940054495912 0.24363636363636362 0.5013623978201635
1 0.04181818181818182 0.35013623978201636 0.08363636363636363 0.1444141689373297
1 0.3490909090909091 0.15667574931880107 0.09090909090909091 0.26430517711171664
