1 0.19055555555555556 0.554074074074074 0.1388888888888889 0.29037037037037033
1 0.5022222222222222 0.7488888888888888 0.23777777777777778 0.49925925925925924
1 0.5116666666666667 0.4207407407407407 0.06555555555555556 0.06518518518518518
1 0.3522222222222222 0.42592592592592593 0.06222222222222222 0.1288888888888889
1 0.18222222222222223 0.36296296296296293 0.07333333333333333 0.038518518518518514
1 0.09722222222222222 0.38740740740740737 0.06333333333333334 0.07851851851851852
1 0.5116666666666667 0.36666666666666664 0.06333333333333334 0.04
1 0.5655555555555556 0.4148148148148148 0.05555555555555555 0.09481481481481481
1 0.685 0.4422222222222222 0.06333333333333334 0.11703703703703704
1 0.7294444444444445 0.43777777777777777 0.04777777777777778 0.06962962962962962
