1 0.111 0.545045045045045 0.07 0.14114114114114115
1 0.171 0.4174174174174174 0.05 0.07807807807807808
1 0.378 0.4249249249249249 0.036000000000000004 0.06306306306306306
1 0.609 0.45795795795795796 0.08600000000000001 0.24324324324324323
1 0.8280000000000001 0.45945945945945943 0.06 0.12612612612612611
1 0.882 0.43543543543543545 0.052000000000000005 0.12012012012012012
1 0.963 0.545045045045045 0.066 0.13513513513513514
1 0.858 0.6771771771771772 0.152 0.26726726726726724
1 0.447 0.4444444444444444 0.038 0.12012012012012012
1 0.28700000000000003 0.515015015015015 0.054 0.10510510510510511
1 0.024 0.5225225225225225 0.048 0.13813813813813813
