1 0.398 0.7672672672672672 0.148 0.38738738738738737
1 0.17500000000000002 0.7282282282282282 0.182 0.46546546546546547
1 0.311 0.5075075075075075 0.074 0.22822822822822822
1 0.427 0.4264264264264264 0.05 0.15615615615615616
1 0.52 0.38288288288288286 0.044 0.0990990990990991
1 0.586 0.509009009009009 0.084 0.15915915915915915
1 0.684 0.46996996996997 0.056 0.16516516516516516
1 0.789 0.46096096096096095 0.078 0.15915915915915915
1 0.911 0.56006006006006 0.126 0.22522522522522523
1 0.6910000000000001 0.34534534534534533 0.038 0.07207207207207207
1 0.74 0.21171171171171171 0.056 0.11711711711711711
1 0.973 0.2882882882882883 0.05 0.26426426426426425
1 0.493 0.3078078078078078 0.026000000000000002 0.05105105105105105
1 0.299 0.35135135135135137 0.042 0.06606606606606606
1 0.222 0.36786786786786785 0.04 0.08108108108108109
1 0.011 0.48348348348348347 0.022 0.16816816816816815
