1 0.11 0.5742128935532234 0.132 0.14992503748125938
1 0.8250000000000001 0.5194902548725637 0.15 0.24737631184407796
1 0.5740000000000001 0.4715142428785607 0.052000000000000005 0.043478260869565216
1 0.6940000000000001 0.4707646176911544 0.048 0.047976011994003
1 0.256 0.19415292353823088 0.1 0.10644677661169415
1 0.459 0.2151424287856072 0.146 0.0944527736131934
1 0.5680000000000001 0.15517241379310345 0.056 0.05247376311844078
1 0.096 0.09220389805097451 0.048 0.06446776611694152
1 0.124 0.7961019490254873 0.064 0.05997001499250375
1 0.27 0.7563718140929535 0.04 0.034482758620689655
1 0.374 0.7653673163418291 0.044 0.037481259370314844
1 0.535 0.7811094452773613 0.038 0.041979010494752625
1 0.069 0.4550224887556222 0.074 0.06446776611694152
1 0.739 0.17241379310344826 0.08600000000000001 0.08095952023988005
1 0.196 0.8650674662668666 0.148 0.1199400299850075
1 0.066 0.7668665667166417 0.048 0.046476761619190406
1 0.631 0.8980509745127436 0.138 0.15592203898050974
1 0.86 0.8305847076461769 0.068 0.07496251874062969
1 0.254 0.4542728635682159 0.056 0.047976011994003
1 0.05 0.10194902548725637 0.048 0.038980509745127435
1 0.10400000000000001 0.08995502248875561 0.044 0.05697151424287856
1 0.33 0.5427286356821589 0.10400000000000001 0.1169415292353823
1 0.369 0.45577211394302847 0.05 0.041979010494752625
1 0.403 0.4625187406296851 0.046 0.05847076461769115
1 0.445 0.5022488755622189 0.066 0.07796101949025487
1 0.123 0.25862068965517243 0.20600000000000002 0.13043478260869565
1 0.192 0.11094452773613193 0.044 0.038980509745127435
1 0.28700000000000003 0.11544227886056971 0.05 0.03298350824587706
1 0.427 0.10794602698650674 0.046 0.041979010494752625
1 0.642 0.12293853073463268 0.056 0.047976011994003
1 0.754 0.1191904047976012 0.032 0.025487256371814093
1 0.8170000000000001 0.1664167916041979 0.074 0.05997001499250375
1 0.883 0.11619190404797601 0.114 0.10344827586206896
