1 0.833 0.45468277945619334 0.226 0.6555891238670695
1 0.626 0.5649546827794562 0.068 0.13897280966767372
1 0.465 0.5513595166163142 0.078 0.17220543806646527
1 0.2 0.5392749244712991 0.116 0.2688821752265861
1 0.12 0.540785498489426 0.064 0.18126888217522658
1 0.10200000000000001 0.8534743202416919 0.192 0.28700906344410876
1 0.441 0.7658610271903323 0.11800000000000001 0.32326283987915405
1 0.546 0.6178247734138973 0.08 0.22054380664652568
1 0.977 0.8021148036253777 0.042 0.2628398791540785
1 0.356 0.5377643504531722 0.108 0.1691842900302115
