1 0.177 0.7970297029702971 0.334 0.39933993399339934
1 0.194 0.3976897689768977 0.112 0.1485148514851485
1 0.17 0.30033003300330036 0.048 0.066006600660066
1 0.068 0.3118811881188119 0.076 0.0891089108910891
1 0.241 0.2376237623762376 0.022 0.039603960396039604
1 0.49 0.44224422442244227 0.116 0.24422442244224424
1 0.599 0.40594059405940597 0.09 0.13861386138613863
1 0.75 0.6683168316831684 0.184 0.570957095709571
1 0.8210000000000001 0.297029702970297 0.054 0.07920792079207921
1 0.634 0.2524752475247525 0.036000000000000004 0.056105610561056105
1 0.145 0.23597359735973597 0.022 0.023102310231023104
