1 0.4625187406296851 0.768 0.05247376311844078 0.336
1 0.14767616191904048 0.8320000000000001 0.11244377811094453 0.328
1 0.3290854572713643 0.74 0.037481259370314844 0.292
1 0.664167916041979 0.648 0.06896551724137931 0.23600000000000002
1 0.7376311844077961 0.591 0.05997001499250375 0.258
1 0.9017991004497751 0.499 0.04047976011994003 0.21
1 0.8545727136431783 0.557 0.035982008995502246 0.134
1 0.07346326836581708 0.658 0.04497751124437781 0.224
1 0.020989505247376312 0.594 0.0239880059970015 0.152
1 0.13493253373313344 0.511 0.026986506746626684 0.034
1 0.20014992503748125 0.533 0.022488755622188904 0.03
1 0.22938530734632684 0.533 0.020989505247376312 0.038
1 0.5779610194902548 0.7010000000000001 0.04947526236881559 0.274
1 0.5337331334332833 0.73 0.041979010494752625 0.3
1 0.7893553223388305 0.578 0.034482758620689655 0.076
1 0.3658170914542728 0.562 0.0239880059970015 0.04
1 0.2826086956521739 0.543 0.019490254872563718 0.042
1 0.4017991004497751 0.501 0.017991004497751123 0.026000000000000002
1 0.1701649175412294 0.5670000000000001 0.04047976011994003 0.05
