1 0.2125 0.6052631578947368 0.17 0.2631578947368421
1 0.40750000000000003 0.7481203007518796 0.22 0.3007518796992481
1 0.71625 0.5714285714285714 0.2575 0.849624060150376
1 0.5650000000000001 0.31954887218045114 0.055 0.07518796992481203
1 0.32375 0.2988721804511278 0.0475 0.04887218045112782
1 0.19625 0.2988721804511278 0.0625 0.07142857142857142
1 0.09 0.33458646616541354 0.055 0.07518796992481203
1 0.01875 0.37030075187969924 0.0375 0.10150375939849623
1 0.39 0.2800751879699248 0.03 0.05639097744360902
1 0.4825 0.2894736842105263 0.03 0.06015037593984962
1 0.535 0.2800751879699248 0.025 0.05639097744360902
