1 0.507 0.6310160427807486 0.166 0.3582887700534759
1 0.628 0.47326203208556145 0.06 0.11764705882352941
1 0.8220000000000001 0.4959893048128342 0.092 0.16310160427807485
1 0.089 0.5855614973262032 0.13 0.2994652406417112
1 0.153 0.4852941176470588 0.066 0.14171122994652405
1 0.211 0.4211229946524064 0.046 0.08823529411764705
1 0.28 0.41310160427807485 0.052000000000000005 0.09358288770053476
1 0.334 0.8088235294117646 0.164 0.36631016042780745
1 0.089 0.7927807486631016 0.178 0.40909090909090906
1 0.036000000000000004 0.44652406417112295 0.044 0.1550802139037433
1 0.589 0.5133689839572192 0.09 0.1497326203208556
1 0.5690000000000001 0.4144385026737968 0.03 0.0427807486631016
1 0.339 0.4852941176470588 0.058 0.15775401069518716
