1 0.123 0.6714285714285714 0.234 0.6444444444444445
1 0.497 0.7603174603174603 0.214 0.4666666666666667
1 0.75 0.7857142857142857 0.232 0.4222222222222222
1 0.868 0.6476190476190476 0.084 0.3746031746031746
1 0.648 0.6142857142857143 0.076 0.3396825396825397
1 0.731 0.46984126984126984 0.046 0.21587301587301588
1 0.596 0.3952380952380952 0.068 0.19365079365079366
1 0.297 0.6555555555555556 0.20600000000000002 0.6571428571428571
1 0.028 0.35555555555555557 0.056 0.33015873015873015
1 0.178 0.3682539682539683 0.056 0.13333333333333333
1 0.506 0.7761904761904762 0.184 0.44126984126984126
