1 0.1484375 0.4510416666666667 0.084375 0.2604166666666667
1 0.45625000000000004 0.578125 0.0625 0.11041666666666666
1 0.6609375000000001 0.7739583333333333 0.178125 0.36041666666666666
1 0.8296875 0.5572916666666666 0.05625 0.07708333333333334
1 0.3328125 0.584375 0.05 0.09791666666666667
1 0.26015625000000003 0.8614583333333333 0.1421875 0.20208333333333334
1 0.09921875000000001 0.9083333333333333 0.18906250000000002 0.17916666666666667
1 0.10234375000000001 0.7239583333333334 0.1015625 0.14791666666666667
1 0.7679687500000001 0.6229166666666667 0.09843750000000001 0.12083333333333333
1 0.6882812500000001 0.5614583333333333 0.060937500000000006 0.06458333333333333
1 0.92890625 0.7208333333333333 0.13593750000000002 0.18333333333333332
1 0.253125 0.634375 0.078125 0.12291666666666666
