1 0.20400000000000001 0.8023952095808383 0.308 0.38922155688622756
1 0.261 0.5389221556886228 0.09 0.15568862275449102
1 0.613 0.7739520958083833 0.266 0.44610778443113774
1 0.835 0.655688622754491 0.202 0.23952095808383234
1 0.674 0.502994011976048 0.096 0.1377245508982036
1 0.515 0.47904191616766467 0.07 0.11976047904191617
1 0.15 0.42215568862275454 0.048 0.059880239520958084
1 0.051000000000000004 0.4191616766467066 0.046 0.04790419161676647
1 0.23500000000000001 0.44011976047904194 0.03 0.04790419161676647
1 0.302 0.468562874251497 0.052000000000000005 0.08083832335329341
1 0.266 0.40868263473053895 0.032 0.05089820359281438
1 0.397 0.4356287425149701 0.058 0.0688622754491018
1 0.606 0.42065868263473055 0.028 0.05089820359281438
1 0.839 0.4296407185628743 0.042 0.056886227544910184
1 0.895 0.4416167664670659 0.062 0.07485029940119761
1 0.9430000000000001 0.5808383233532934 0.098 0.22754491017964074
1 0.034 0.5778443113772456 0.068 0.16167664670658682
