1 0.898 0.55 0.084 0.42727272727272725
1 0.7020000000000001 0.5333333333333333 0.068 0.12727272727272726
1 0.618 0.556060606060606 0.096 0.1606060606060606
1 0.41600000000000004 0.5636363636363636 0.076 0.13333333333333333
1 0.191 0.6621212121212121 0.106 0.2636363636363636
1 0.306 0.5378787878787878 0.088 0.1484848484848485
1 0.191 0.45454545454545453 0.046 0.07878787878787878
1 0.13 0.48787878787878786 0.044 0.09696969696969697
1 0.046 0.5393939393939394 0.056 0.12727272727272726
1 0.04 0.7393939393939394 0.08 0.3151515151515151
