1 0.537 0.6340361445783133 0.306 0.38253012048192775
1 0.171 0.710843373493976 0.294 0.46385542168674704
1 0.769 0.572289156626506 0.138 0.27710843373493976
1 0.864 0.4608433734939759 0.06 0.15060240963855423
1 0.901 0.40813253012048195 0.034 0.08734939759036145
1 0.765 0.39006024096385544 0.046 0.07530120481927711
1 0.613 0.375 0.038 0.06927710843373494
1 0.425 0.40813253012048195 0.046 0.08734939759036145
1 0.281 0.3734939759036145 0.034 0.05421686746987952
1 0.197 0.37198795180722893 0.058 0.06927710843373494
1 0.464 0.35240963855421686 0.036000000000000004 0.060240963855421686
