1 0.08545727136431784 0.637 0.13793103448275862 0.166
1 0.21964017991004497 0.584 0.12143928035982009 0.088
1 0.38080959520239877 0.68 0.1199400299850075 0.216
1 0.22413793103448276 0.748 0.1424287856071964 0.216
1 0.5307346326836582 0.636 0.08695652173913043 0.176
1 0.6026986506746627 0.588 0.08695652173913043 0.16
1 0.33808095952023987 0.521 0.04947526236881559 0.054
1 0.22788605697151423 0.504 0.041979010494752625 0.10400000000000001
1 0.4295352323838081 0.535 0.04047976011994003 0.05
1 0.2818590704647676 0.516 0.041979010494752625 0.056
