1 0.5660000000000001 0.22851296043656208 0.068 0.19236016371077763
1 0.6950000000000001 0.6814461118690314 0.062 0.07776261937244201
1 0.841 0.7414733969986358 0.09 0.1377899045020464
1 0.542 0.762619372442019 0.188 0.10914051841746249
1 0.391 0.7141882673942701 0.106 0.10231923601637108
1 0.145 0.20668485675306958 0.066 0.08049113233287858
1 0.375 0.645293315143247 0.074 0.040927694406548434
1 0.322 0.2598908594815825 0.07200000000000001 0.11869031377899045
1 0.217 0.2053206002728513 0.066 0.0286493860845839
1 0.059000000000000004 0.25375170532060026 0.098 0.06002728512960437
1 0.496 0.6575716234652115 0.08 0.06002728512960437
1 0.628 0.6418826739427013 0.044 0.047748976807639835
1 0.962 0.6964529331514324 0.07200000000000001 0.08321964529331514
1 0.932 0.6282401091405184 0.052000000000000005 0.034106412005457026
1 0.084 0.19304229195088676 0.07200000000000001 0.034106412005457026
1 0.47300000000000003 0.21145975443383355 0.046 0.05184174624829468
1 0.76 0.650068212824011 0.056 0.05320600272851296
1 0.307 0.6855388813096862 0.046 0.07503410641200546
1 0.402 0.2100954979536153 0.068 0.03819918144611187
