1 0.280359820089955 0.39 0.06896551724137931 0.16
1 0.4265367316341829 0.537 0.0914542728635682 0.27
1 0.6056971514242878 0.507 0.12593703148425786 0.25
1 0.7766116941529235 0.487 0.14392803598200898 0.222
1 0.02623688155922039 0.546 0.04947526236881559 0.156
1 0.01649175412293853 0.376 0.03298350824587706 0.10400000000000001
1 0.1829085457271364 0.305 0.05397301349325337 0.082
1 0.9040479760119939 0.468 0.08095952023988005 0.188
1 0.9685157421289355 0.419 0.050974512743628186 0.226
1 0.27136431784107945 0.274 0.041979010494752625 0.068
1 0.3793103448275862 0.28200000000000003 0.041979010494752625 0.07200000000000001
1 0.48575712143928035 0.268 0.026986506746626684 0.052000000000000005
1 0.5817091454272864 0.292 0.035982008995502246 0.07200000000000001
1 0.636431784107946 0.264 0.037481259370314844 0.044
1 0.7106446776611693 0.28200000000000003 0.041979010494752625 0.092
1 0.7946026986506747 0.309 0.038980509745127435 0.082
1 0.9077961019490255 0.335 0.06746626686656672 0.10200000000000001
