1 0.5383211678832117 0.5511363636363636 0.16058394160583941 0.32386363636363635
1 0.7755474452554745 0.5355113636363636 0.0948905109489051 0.29261363636363635
1 0.864963503649635 0.7883522727272727 0.1897810218978102 0.39488636363636365
1 0.9653284671532847 0.7940340909090909 0.06569343065693431 0.3835227272727273
1 0.6395985401459854 0.8366477272727273 0.322992700729927 0.3210227272727273
1 0.5948905109489051 0.34801136363636365 0.072992700729927 0.16193181818181818
1 0.4187956204379562 0.6321022727272727 0.11496350364963503 0.6107954545454546
1 0.6624087591240876 0.390625 0.08759124087591241 0.12215909090909091
1 0.3868613138686131 0.2911931818181818 0.08029197080291971 0.08806818181818182
1 0.4607664233576642 0.27982954545454547 0.049270072992700725 0.09943181818181819
1 0.5437956204379562 0.24005681818181818 0.04744525547445255 0.06534090909090909
