1 0.5097451274362819 0.616 0.10194902548725637 0.296
1 0.6821589205397302 0.6890000000000001 0.17691154422788605 0.426
1 0.31709145427286356 0.857 0.29535232383808097 0.28200000000000003
1 0.08920539730134933 0.782 0.16941529235382308 0.40800000000000003
1 0.03073463268365817 0.523 0.06146926536731634 0.106
1 0.12293853073463268 0.47400000000000003 0.09895052473763118 0.212
1 0.20089955022488756 0.34900000000000003 0.04497751124437781 0.082
1 0.027736131934032984 0.379 0.05547226386806597 0.166
1 0.10719640179910045 0.336 0.04947526236881559 0.07200000000000001
1 0.16041979010494753 0.321 0.041979010494752625 0.082
1 0.27211394302848574 0.34900000000000003 0.046476761619190406 0.078
1 0.32158920539730135 0.34500000000000003 0.046476761619190406 0.094
1 0.6296851574212894 0.417 0.047976011994003 0.094
1 0.7196401799100449 0.426 0.08095952023988005 0.1
1 0.8320839580209894 0.43 0.035982008995502246 0.04
1 0.9400299850074962 0.522 0.08395802098950525 0.168
1 0.37631184407796103 0.394 0.038980509745127435 0.084
