1 0.18671875000000002 0.4864583333333333 0.0703125 0.3229166666666667
1 0.415625 0.7770833333333333 0.16562500000000002 0.3416666666666667
1 0.5859375 0.6729166666666666 0.10312500000000001 0.24166666666666667
1 0.7601562500000001 0.5697916666666667 0.11093750000000001 0.16041666666666665
1 0.8578125000000001 0.51875 0.059375000000000004 0.12083333333333333
1 0.25390625 0.6333333333333333 0.0859375 0.07083333333333333
1 0.0703125 0.7760416666666666 0.140625 0.31875
1 0.6531250000000001 0.9010416666666666 0.14375000000000002 0.19375
1 0.8210937500000001 0.8302083333333333 0.15781250000000002 0.31875
1 0.9398437500000001 0.6572916666666666 0.09531250000000001 0.23958333333333334
