1 0.22578125000000002 0.5791666666666666 0.0921875 0.16666666666666666
1 0.8421875000000001 0.5989583333333334 0.09375 0.46875
1 0.4 0.8239583333333333 0.225 0.34791666666666665
1 0.1 0.8760416666666666 0.19687500000000002 0.24375
1 0.07265625 0.6697916666666667 0.1390625 0.15208333333333332
1 0.0390625 0.559375 0.065625 0.08125
1 0.07578125000000001 0.53125 0.0578125 0.10833333333333334
1 0.1546875 0.5239583333333333 0.0625 0.08541666666666667
1 0.29140625000000003 0.4979166666666667 0.0484375 0.075
1 0.390625 0.5666666666666667 0.08750000000000001 0.14583333333333334
1 0.4765625 0.5677083333333334 0.08125 0.14375
1 0.59375 0.5177083333333333 0.06875 0.13541666666666666
1 0.6492187500000001 0.5 0.045312500000000006 0.08333333333333333
1 0.7585937500000001 0.5635416666666666 0.06406250000000001 0.13125
1 0.69921875 0.64375 0.0671875 0.32916666666666666
