1 0.275 0.6983333333333334 0.305 0.4033333333333334
1 0.0775 0.9133333333333334 0.155 0.16666666666666669
1 0.4525 0.42000000000000004 0.075 0.16
1 0.63125 0.635 0.1075 0.51
1 0.7125 0.4366666666666667 0.095 0.18666666666666668
1 0.9187500000000001 0.7383333333333334 0.1575 0.5033333333333334
1 0.19125 0.39333333333333337 0.0925 0.24000000000000002
1 0.06375 0.5316666666666667 0.1225 0.16333333333333333
1 0.035 0.35833333333333334 0.065 0.08333333333333334
1 0.075 0.2866666666666667 0.04 0.04666666666666667
1 0.305 0.31833333333333336 0.035 0.09666666666666668
