1 0.34600000000000003 0.66 0.26 0.276
1 0.446 0.48 0.14400000000000002 0.112
1 0.914 0.8140000000000001 0.152 0.14400000000000002
1 0.801 0.384 0.07 0.076
1 0.618 0.373 0.088 0.09
1 0.181 0.363 0.11 0.10200000000000001
1 0.28600000000000003 0.324 0.056 0.06
1 0.427 0.322 0.074 0.07200000000000001
1 0.802 0.28800000000000003 0.048 0.056
1 0.672 0.259 0.04 0.042
1 0.06 0.309 0.064 0.074
1 0.08700000000000001 0.488 0.158 0.188
1 0.5680000000000001 0.28200000000000003 0.028 0.048
1 0.715 0.329 0.054 0.066
1 0.882 0.28400000000000003 0.036000000000000004 0.04
