1 0.5670826833073324 0.5807962529274004 0.28549141965678626 0.7822014051522248
1 0.13494539781591264 0.7892271662763466 0.2698907956318253 0.4168618266978923
1 0.24726989079563183 0.5058548009367682 0.1294851794071763 0.2903981264637002
1 0.10998439937597504 0.43208430913348944 0.10764430577223089 0.2693208430913349
1 0.23634945397815912 0.30562060889929743 0.0795631825273011 0.09601873536299765
1 0.3627145085803432 0.2716627634660422 0.0795631825273011 0.18266978922716628
1 0.6474258970358815 0.2224824355971897 0.0748829953198128 0.12646370023419204
1 0.8221528861154447 0.18735362997658078 0.078003120124805 0.18266978922716628
1 0.9243369734789392 0.2681498829039813 0.1357254290171607 0.19437939110070257
1 0.5117004680187207 0.1557377049180328 0.059282371294851796 0.08196721311475409
1 0.734009360374415 0.16159250585480095 0.057722308892355696 0.15456674473067916
1 0.9539781591263651 0.6908665105386417 0.08892355694227769 0.5901639344262295
