1 0.614 0.49466666666666664 0.268 0.5306666666666666
1 0.833 0.29466666666666663 0.13 0.22133333333333333
1 0.77 0.23066666666666666 0.048 0.08266666666666667
1 0.34700000000000003 0.2373333333333333 0.09 0.13333333333333333
1 0.41000000000000003 0.22 0.076 0.12533333333333332
1 0.17400000000000002 0.216 0.068 0.10133333333333333
1 0.124 0.312 0.164 0.21866666666666665
1 0.536 0.18 0.028 0.06133333333333333
1 0.252 0.16133333333333333 0.032 0.04
1 0.362 0.12666666666666665 0.036000000000000004 0.056
1 0.067 0.16799999999999998 0.042 0.064
1 0.008 0.18266666666666667 0.016 0.088
