1 0.5875 0.4426229508196721 0.084375 0.1920374707259953
1 0.94921875 0.7107728337236534 0.09531250000000001 0.18501170960187355
1 0.5578125 0.8243559718969555 0.11875000000000001 0.22950819672131148
1 0.390625 0.914519906323185 0.15000000000000002 0.16627634660421545
1 0.2890625 0.724824355971897 0.11875000000000001 0.16159250585480095
1 0.37812500000000004 0.6850117096018735 0.06875 0.13817330210772832
1 0.43984375000000003 0.6358313817330211 0.06406250000000001 0.13348946135831383
1 0.03359375 0.5023419203747073 0.0328125 0.06791569086651054
1 0.09765625 0.724824355971897 0.0859375 0.23185011709601874
1 0.18046875 0.6440281030444965 0.06406250000000001 0.08430913348946135
1 0.28515625 0.5913348946135831 0.0671875 0.08196721311475409
