1 0.39351851851851855 0.7138888888888889 0.07962962962962963 0.18888888888888888
1 0.4351851851851852 0.9222222222222223 0.23333333333333334 0.15
1 0.7388888888888889 0.9291666666666667 0.12222222222222223 0.13611111111111113
1 0.850925925925926 0.763888888888889 0.15 0.18333333333333335
1 0.5462962962962963 0.5041666666666667 0.08148148148148149 0.16944444444444445
1 0.612037037037037 0.6111111111111112 0.061111111111111116 0.08333333333333334
1 0.7518518518518519 0.675 0.05555555555555556 0.1277777777777778
1 0.8185185185185185 0.5902777777777778 0.040740740740740744 0.05277777777777778
1 0.05555555555555556 0.6513888888888889 0.04814814814814815 0.11388888888888889
1 0.13611111111111113 0.5944444444444444 0.03518518518518519 0.06666666666666667
1 0.18055555555555555 0.5736111111111112 0.031481481481481485 0.036111111111111115
