1 0.06 0.5100334448160535 0.115 0.21739130434782608
1 0.5125 0.560200668896321 0.21 0.30434782608695654
1 0.72375 0.41638795986622074 0.10250000000000001 0.13712374581939799
1 0.3725 0.382943143812709 0.08 0.11705685618729096
1 0.47000000000000003 0.36789297658862874 0.055 0.06020066889632107
1 0.24 0.3745819397993311 0.065 0.11371237458193979
1 0.11750000000000001 0.362876254180602 0.035 0.09698996655518395
1 0.075 0.3712374581939799 0.05 0.06688963210702341
1 0.00625 0.42642140468227424 0.0125 0.14381270903010032
1 0.6075 0.3193979933110368 0.03 0.043478260869565216
1 0.66625 0.31605351170568563 0.0225 0.043478260869565216
1 0.72875 0.3277591973244147 0.0375 0.046822742474916385
1 0.87375 0.4013377926421405 0.0525 0.07357859531772575
1 0.96875 0.3729096989966555 0.0575 0.11705685618729096
