1 0.202 0.364 0.136 0.18666666666666665
1 0.6930000000000001 0.35266666666666663 0.234 0.108
1 0.888 0.30733333333333335 0.148 0.09466666666666666
1 0.811 0.7466666666666666 0.182 0.21066666666666667
1 0.364 0.7806666666666666 0.192 0.16933333333333334
1 0.18 0.7086666666666667 0.152 0.09466666666666666
1 0.458 0.24533333333333332 0.07200000000000001 0.14666666666666667
1 0.323 0.6859999999999999 0.07 0.076
1 0.646 0.6913333333333334 0.088 0.076
1 0.074 0.29666666666666663 0.088 0.07866666666666666
1 0.321 0.244 0.042 0.029333333333333333
