1 0.06950672645739911 0.734 0.11509715994020928 0.312
1 0.1741405082212257 0.551 0.04035874439461883 0.082
1 0.20179372197309417 0.617 0.07772795216741406 0.062
1 0.3004484304932736 0.665 0.07772795216741406 0.20600000000000002
1 0.4260089686098655 0.706 0.07174887892376682 0.196
1 0.5343796711509716 0.638 0.055306427503736925 0.152
1 0.6599402092675636 0.791 0.13004484304932737 0.354
1 0.7571001494768311 0.726 0.1031390134529148 0.24
1 0.8415545590433483 0.639 0.044843049327354265 0.08600000000000001
1 0.6988041853512705 0.582 0.07025411061285501 0.10400000000000001
1 0.6106128550074739 0.559 0.04035874439461883 0.078
1 0.5067264573991032 0.547 0.053811659192825115 0.082
1 0.422272047832586 0.532 0.034379671150971604 0.056
1 0.3064275037369208 0.497 0.03288490284005979 0.054
