1 0.24453125 0.8604166666666666 0.48281250000000003 0.275
1 0.5398437500000001 0.7177083333333333 0.13593750000000002 0.33125
1 0.6578125 0.93125 0.16562500000000002 0.13333333333333333
1 0.7914062500000001 0.8197916666666667 0.0859375 0.18958333333333333
1 0.6898437500000001 0.684375 0.060937500000000006 0.08541666666666667
1 0.7898437500000001 0.6541666666666667 0.0390625 0.05416666666666667
1 0.9015625 0.5989583333333334 0.043750000000000004 0.052083333333333336
1 0.07109375 0.640625 0.1265625 0.15208333333333332
1 0.6507812500000001 0.6052083333333333 0.045312500000000006 0.06875
1 0.8343750000000001 0.6197916666666666 0.037500000000000006 0.07708333333333334
