1 0.37898936170212766 0.608 0.061170212765957445 0.112
1 0.5033244680851063 0.63 0.07579787234042552 0.124
1 0.6316489361702128 0.612 0.06382978723404255 0.112
1 0.800531914893617 0.685 0.0797872340425532 0.298
1 0.9381648936170213 0.603 0.09973404255319149 0.138
1 0.1934840425531915 0.669 0.07313829787234043 0.246
1 0.24601063829787234 0.481 0.047872340425531915 0.062
1 0.29055851063829785 0.491 0.041223404255319146 0.09
1 0.27061170212765956 0.368 0.054521276595744676 0.108
1 0.324468085106383 0.382 0.047872340425531915 0.10400000000000001
1 0.41023936170212766 0.385 0.030585106382978722 0.126
1 0.4966755319148936 0.398 0.043882978723404256 0.096
1 0.6768617021276595 0.355 0.03723404255319149 0.094
1 0.8058510638297872 0.358 0.05851063829787234 0.084
1 0.18550531914893617 0.442 0.027925531914893616 0.064
