1 0.31171875000000004 0.4335748792270531 0.1078125 0.5289855072463768
1 0.49140625000000004 0.34782608695652173 0.060937500000000006 0.10628019323671498
1 0.06484375 0.3864734299516908 0.0765625 0.09178743961352656
1 0.13046875 0.2910628019323671 0.045312500000000006 0.07971014492753623
1 0.18359375 0.3103864734299517 0.035937500000000004 0.06521739130434782
1 0.23515625 0.3393719806763285 0.0546875 0.08454106280193237
1 0.20078125000000002 0.464975845410628 0.11093750000000001 0.14251207729468598
1 0.6414062500000001 0.3055555555555555 0.0421875 0.0893719806763285
1 0.57578125 0.3164251207729468 0.045312500000000006 0.07729468599033816
1 0.50625 0.2644927536231884 0.021875000000000002 0.05072463768115942
1 0.44843750000000004 0.2584541062801932 0.018750000000000003 0.03864734299516908
1 0.40625 0.24879227053140096 0.018750000000000003 0.03864734299516908
