1 0.1176911544227886 0.616 0.13043478260869565 0.18
1 0.39430284857571213 0.523 0.11394302848575712 0.21
1 0.7691154422788605 0.806 0.20389805097451275 0.384
1 0.9550224887556221 0.647 0.07796101949025487 0.222
1 0.6349325337331334 0.482 0.08245877061469264 0.132
1 0.689655172413793 0.449 0.035982008995502246 0.08600000000000001
1 0.8365817091454273 0.513 0.12293853073463268 0.122
1 0.025487256371814093 0.669 0.050974512743628186 0.11
1 0.0239880059970015 0.847 0.047976011994003 0.218
1 0.49850074962518737 0.47300000000000003 0.08845577211394302 0.154
