1 0.26272727272727275 0.8051771117166212 0.16545454545454547 0.24795640326975477
1 0.5509090909090909 0.7752043596730245 0.11272727272727273 0.24795640326975477
1 0.6872727272727273 0.7724795640326976 0.12363636363636364 0.18256130790190736
1 0.8227272727272728 0.7057220708446866 0.06 0.11444141689373297
1 0.8972727272727272 0.7084468664850136 0.0890909090909091 0.11989100817438691
1 0.6563636363636364 0.6307901907356948 0.04363636363636364 0.07356948228882834
1 0.06 0.6512261580381471 0.04363636363636364 0.08719346049046321
1 0.026363636363636363 0.5967302452316076 0.04181818181818182 0.07629427792915532
1 0.2681818181818182 0.5395095367847411 0.045454545454545456 0.08174386920980926
1 0.41909090909090907 0.7752043596730245 0.13272727272727272 0.26975476839237056
1 0.10727272727272727 0.6743869209809265 0.05454545454545454 0.12806539509536785
1 0.5618181818181818 0.6389645776566757 0.04363636363636364 0.10081743869209808
1 0.43272727272727274 0.6021798365122616 0.03272727272727273 0.043596730245231606
1 0.8518181818181818 0.6321525885558583 0.02727272727272727 0.05994550408719346
1 0.9472727272727273 0.6498637602179836 0.04 0.07901907356948229
