1 0.6640173410404624 0.18980477223427333 0.14884393063583815 0.3362255965292842
1 0.8677745664739884 0.41431670281995664 0.16329479768786126 0.5119305856832972
1 0.08164739884393063 0.6919739696312365 0.157514450867052 0.6030368763557484
1 0.5209537572254335 0.3980477223427332 0.226878612716763 0.6268980477223427
1 0.12716763005780346 0.22125813449023862 0.17630057803468208 0.32537960954446854
1 0.29190751445086704 0.21691973969631237 0.1445086705202312 0.3080260303687636
1 0.5195086705202312 0.09544468546637744 0.09104046242774566 0.14750542299349242
1 0.8417630057803468 0.10845986984815618 0.11127167630057803 0.1301518438177874
1 0.9515895953757225 0.20715835140997832 0.08815028901734104 0.40563991323210413
1 0.17991329479768786 0.09869848156182214 0.06791907514450866 0.19739696312364427
