1 0.22333333333333336 0.8333333333333333 0.17 0.2781954887218045
1 0.4266666666666667 0.6729323308270676 0.10666666666666667 0.37844611528822053
1 0.6891666666666667 0.6265664160401002 0.06833333333333334 0.20050125313283207
1 0.7808333333333334 0.587719298245614 0.07500000000000001 0.16290726817042606
1 0.8750000000000001 0.5664160401002506 0.06666666666666667 0.18546365914786966
1 0.5683333333333334 0.5350877192982456 0.09000000000000001 0.15288220551378445
1 0.6433333333333334 0.518796992481203 0.05333333333333334 0.12531328320802004
1 0.33083333333333337 0.5588972431077694 0.07500000000000001 0.21052631578947367
1 0.18000000000000002 0.6115288220551378 0.08666666666666667 0.18045112781954886
1 0.22583333333333336 0.45238095238095233 0.065 0.11779448621553884
1 0.10750000000000001 0.4548872180451128 0.04833333333333334 0.12280701754385964
1 0.17333333333333334 0.38471177944862156 0.02666666666666667 0.10275689223057644
1 0.3166666666666667 0.3508771929824561 0.03333333333333333 0.13032581453634084
1 0.4708333333333334 0.33959899749373434 0.045000000000000005 0.10275689223057644
1 0.5966666666666667 0.3308270676691729 0.030000000000000002 0.11027568922305764
1 0.7150000000000001 0.41353383458646614 0.05333333333333334 0.08521303258145363
1 0.8150000000000001 0.4122807017543859 0.05666666666666667 0.16290726817042606
1 0.9208333333333334 0.38847117794486213 0.03833333333333334 0.10025062656641603
1 0.9758333333333334 0.3922305764411027 0.045000000000000005 0.13283208020050125
