1 0.5314842578710645 0.73 0.12143928035982009 0.536
1 0.6424287856071964 0.724 0.1424287856071964 0.536
1 0.8170914542728636 0.783 0.1679160419790105 0.43
1 0.9190404797601199 0.7010000000000001 0.09895052473763118 0.434
1 0.43553223388305845 0.715 0.0944527736131934 0.518
1 0.3500749625187406 0.685 0.11244377811094453 0.466
1 0.2698650674662669 0.643 0.11094452773613193 0.434
1 0.20014992503748125 0.632 0.07946026986506746 0.388
1 0.07496251874062969 0.588 0.06896551724137931 0.316
1 0.1829085457271364 0.386 0.026986506746626684 0.048
1 0.2638680659670165 0.38 0.03298350824587706 0.056
1 0.33433283358320837 0.352 0.041979010494752625 0.044
1 0.3815592203898051 0.365 0.05547226386806597 0.10200000000000001
1 0.43103448275862066 0.353 0.043478260869565216 0.094
1 0.5899550224887556 0.41600000000000004 0.05247376311844078 0.052000000000000005
1 0.025487256371814093 0.503 0.0239880059970015 0.13
1 0.48575712143928035 0.374 0.041979010494752625 0.092
1 0.6146926536731634 0.359 0.06296851574212893 0.122
1 0.7278860569715142 0.364 0.05847076461769115 0.14400000000000002
1 0.8088455772113943 0.34900000000000003 0.07346326836581708 0.10200000000000001
1 0.9272863568215892 0.35100000000000003 0.10944527736131934 0.122
