1 0.24601910828025478 0.607 0.21815286624203822 0.358
1 0.44506369426751596 0.512 0.1926751592356688 0.316
1 0.5549363057324841 0.876 0.2531847133757962 0.244
1 0.8590764331210191 0.454 0.18312101910828027 0.34
1 0.07245222929936306 0.586 0.14171974522292993 0.328
1 0.045382165605095545 0.9410000000000001 0.09076433121019109 0.114
1 0.15366242038216563 0.225 0.12261146496815287 0.23800000000000002
1 0.4530254777070064 0.24 0.15764331210191085 0.28
1 0.07404458598726114 0.176 0.08757961783439491 0.184
1 0.5262738853503185 0.081 0.09394904458598727 0.14200000000000002
1 0.7348726114649682 0.195 0.14171974522292993 0.278
