1 0.49449035812672176 0.685 0.17079889807162535 0.51
1 0.1763085399449036 0.707 0.26170798898071623 0.582
1 0.34297520661157027 0.562 0.0743801652892562 0.34800000000000003
1 0.6528925619834711 0.585 0.08264462809917356 0.318
1 0.772038567493113 0.5640000000000001 0.07024793388429752 0.28400000000000003
1 0.8622589531680441 0.541 0.07162534435261708 0.234
1 0.959366391184573 0.51 0.06198347107438017 0.20400000000000001
1 0.9132231404958678 0.532 0.030303030303030304 0.20800000000000002
1 0.534435261707989 0.41000000000000003 0.03305785123966942 0.06
1 0.23829201101928377 0.41200000000000003 0.049586776859504134 0.076
1 0.3953168044077135 0.41500000000000004 0.02203856749311295 0.042
