1 0.904 0.4596774193548387 0.136 0.4290322580645161
1 0.38 0.6838709677419355 0.092 0.1870967741935484
1 0.341 0.4112903225806452 0.046 0.06774193548387097
1 0.148 0.6209677419354839 0.1 0.1064516129032258
1 0.07100000000000001 0.48870967741935484 0.046 0.08709677419354839
1 0.165 0.45806451612903226 0.05 0.05806451612903226
1 0.303 0.5112903225806451 0.05 0.08064516129032258
1 0.255 0.43548387096774194 0.046 0.09032258064516129
1 0.466 0.532258064516129 0.076 0.09032258064516129
1 0.5690000000000001 0.4338709677419355 0.046 0.08709677419354839
1 0.027 0.5758064516129032 0.038 0.08064516129032258
