1 0.49875 0.5441767068273092 0.1275 0.57429718875502
1 0.39375 0.4538152610441767 0.0775 0.08835341365461846
1 0.31875000000000003 0.4538152610441767 0.0625 0.07228915662650602
1 0.26 0.4598393574297188 0.055 0.10843373493975902
1 0.17875 0.7811244979919678 0.2475 0.429718875502008
1 0.64375 0.5522088353413654 0.0925 0.14056224899598393
1 0.7312500000000001 0.5461847389558232 0.0775 0.17670682730923692
1 0.8462500000000001 0.5562248995983935 0.1125 0.12449799196787148
1 0.7837500000000001 0.7690763052208834 0.2025 0.37349397590361444
1 0.94375 0.7751004016064257 0.1075 0.38554216867469876
1 0.67 0.4738955823293172 0.035 0.08032128514056225
1 0.6075 0.4799196787148594 0.05 0.06024096385542168
1 0.3375 0.5542168674698794 0.095 0.14457831325301204
1 0.2225 0.502008032128514 0.105 0.1285140562248996
