1 0.79625 0.3716981132075472 0.3525 0.6226415094339622
1 0.34125 0.5660377358490566 0.2475 0.8603773584905661
1 0.11875000000000001 0.20566037735849058 0.1375 0.19245283018867926
1 0.5325 0.2849056603773585 0.15 0.39622641509433965
1 0.22375 0.1339622641509434 0.0675 0.1849056603773585
1 0.41875 0.1018867924528302 0.0775 0.2037735849056604
1 0.3525 0.07547169811320754 0.065 0.10566037735849057
1 0.645 0.06415094339622641 0.075 0.10566037735849057
1 0.7887500000000001 0.06415094339622641 0.0575 0.10566037735849057
1 0.9137500000000001 0.035849056603773584 0.0475 0.07169811320754717
1 0.025 0.1641509433962264 0.05 0.10943396226415095
1 0.08875 0.0660377358490566 0.0425 0.05660377358490566
