1 0.16 0.5848348348348348 0.128 0.2957957957957958
1 0.025 0.6358858858858859 0.05 0.34384384384384387
1 0.646 0.7154654654654654 0.156 0.542042042042042
1 0.805 0.7297297297297297 0.17 0.5345345345345345
1 0.9520000000000001 0.7387387387387387 0.092 0.5195195195195195
1 0.295 0.5082582582582582 0.058 0.15465465465465467
1 0.381 0.5630630630630631 0.094 0.2912912912912913
1 0.09 0.5067567567567568 0.056 0.13363363363363362
1 0.243 0.49099099099099097 0.058 0.11411411411411411
1 0.625 0.4527027027027027 0.078 0.08858858858858859
1 0.47000000000000003 0.6051051051051051 0.096 0.33933933933933935
1 0.553 0.6786786786786787 0.098 0.44744744744744747
