1 0.26484375 0.8255269320843092 0.19843750000000002 0.2505854800936768
1 0.478125 0.7552693208430913 0.16562500000000002 0.38173302107728335
1 0.08750000000000001 0.797423887587822 0.115625 0.3395784543325527
1 0.25390625 0.5 0.0484375 0.10070257611241218
1 0.32890625 0.531615925058548 0.060937500000000006 0.0702576112412178
1 0.40937500000000004 0.4929742388758782 0.05 0.11475409836065574
1 0.049218750000000006 0.5023419203747073 0.0421875 0.10070257611241218
1 0.13828125 0.49765807962529274 0.0578125 0.10070257611241218
1 0.1125 0.26346604215456676 0.034375 0.053864168618266976
1 0.23984375000000002 0.2540983606557377 0.0234375 0.0351288056206089
1 0.32890625 0.23536299765807964 0.0171875 0.053864168618266976
1 0.41953125 0.22365339578454332 0.0203125 0.053864168618266976
1 0.52890625 0.21194379391100704 0.0234375 0.04449648711943794
1 0.71484375 0.373536299765808 0.0234375 0.03044496487119438
1 0.81171875 0.37470725995316156 0.0234375 0.04215456674473068
1 0.8875000000000001 0.4028103044496487 0.028125 0.046838407494145196
1 0.83515625 0.5210772833723654 0.026562500000000003 0.053864168618266976
1 0.90234375 0.5152224824355972 0.0390625 0.05620608899297424
1 0.8390625 0.18618266978922718 0.018750000000000003 0.04449648711943794
1 0.6492187500000001 0.2459016393442623 0.0203125 0.03278688524590164
1 0.44296875 0.02224824355971897 0.035937500000000004 0.04449648711943794
1 0.04609375 0.08196721311475409 0.0234375 0.06088992974238876
