1 0.157 0.48053892215568866 0.078 0.08682634730538923
1 0.443 0.5119760479041916 0.10200000000000001 0.09580838323353294
1 0.328 0.7544910179640719 0.16 0.36526946107784436
1 0.647 0.8622754491017964 0.21 0.2694610778443114
1 0.747 0.720059880239521 0.178 0.16467065868263475
1 0.663 0.5044910179640719 0.094 0.17065868263473055
1 0.527 0.4880239520958084 0.066 0.1317365269461078
1 0.335 0.75 0.134 0.35628742514970063
1 0.124 0.8847305389221557 0.24 0.22455089820359284
1 0.329 0.4131736526946108 0.062 0.07784431137724551
1 0.405 0.3982035928143713 0.042 0.04790419161676647
1 0.588 0.470059880239521 0.06 0.11377245508982037
1 0.187 0.6092814371257486 0.11800000000000001 0.17065868263473055
1 0.085 0.470059880239521 0.062 0.07185628742514971
1 0.056 0.7125748502994013 0.108 0.17964071856287425
