1 0.5794602698650675 0.643 0.05847076461769115 0.258
1 0.5082458770614693 0.716 0.07496251874062969 0.116
1 0.21364317841079458 0.6960000000000001 0.05547226386806597 0.148
1 0.09070464767616192 0.675 0.04947526236881559 0.122
1 0.1169415292353823 0.883 0.17091454272863568 0.23
1 0.3568215892053973 0.883 0.13193403298350825 0.23
1 0.684407796101949 0.681 0.046476761619190406 0.078
1 0.7961019490254873 0.669 0.04497751124437781 0.062
1 0.8478260869565217 0.6880000000000001 0.034482758620689655 0.088
1 0.9700149925037481 0.669 0.05397301349325337 0.082
1 0.3950524737631184 0.659 0.034482758620689655 0.062
1 0.43703148425787103 0.652 0.05247376311844078 0.084
1 0.2646176911544228 0.652 0.037481259370314844 0.06
