1 0.11619190404797601 0.47800000000000004 0.23238380809595202 0.9560000000000001
1 0.5224887556221889 0.58 0.1634182908545727 0.836
1 0.6416791604197901 0.256 0.07496251874062969 0.152
1 0.7436281859070465 0.28200000000000003 0.07196401799100449 0.084
1 0.1656671664167916 0.337 0.043478260869565216 0.074
1 0.20014992503748125 0.314 0.019490254872563718 0.036000000000000004
1 0.1169415292353823 0.384 0.05997001499250375 0.112
1 0.3988005997001499 0.374 0.035982008995502246 0.112
1 0.2563718140929535 0.322 0.014992503748125937 0.024
1 0.8103448275862069 0.644 0.37631184407796103 0.708
1 0.36806596701649175 0.785 0.13343328335832083 0.422
