1 0.295 0.3888888888888889 0.154 0.1891891891891892
1 0.303 0.5345345345345345 0.122 0.1021021021021021
1 0.1 0.5285285285285285 0.12 0.14414414414414414
1 0.456 0.6966966966966966 0.14400000000000002 0.21621621621621623
1 0.552 0.6051051051051051 0.06 0.1831831831831832
1 0.884 0.6081081081081081 0.064 0.23723723723723725
1 0.9490000000000001 0.7462462462462462 0.098 0.3333333333333333
1 0.615 0.539039039039039 0.094 0.1831831831831832
1 0.316 0.8423423423423423 0.136 0.30930930930930933
1 0.063 0.9174174174174174 0.126 0.15915915915915915
1 0.031 0.6576576576576576 0.062 0.21021021021021022
