1 0.23700000000000002 0.6006006006006006 0.354 0.39039039039039036
1 0.482 0.3033033033033033 0.116 0.10810810810810811
1 0.58 0.2702702702702703 0.08 0.12012012012012012
1 0.28800000000000003 0.2552552552552553 0.07200000000000001 0.1021021021021021
1 0.199 0.27627627627627627 0.058 0.07807807807807808
1 0.368 0.17117117117117117 0.04 0.08408408408408408
1 0.639 0.22372372372372373 0.034 0.06906906906906907
1 0.545 0.19519519519519518 0.018000000000000002 0.036036036036036036
1 0.675 0.21921921921921922 0.03 0.08408408408408408
1 0.708 0.21171171171171171 0.028 0.05105105105105105
1 0.365 0.2552552552552553 0.05 0.07207207207207207
1 0.96 0.25675675675675674 0.056 0.08708708708708708
