1 0.23547094188376752 0.6583629893238434 0.1222444889779559 0.4199288256227758
1 0.3426853707414829 0.47330960854092524 0.06813627254509018 0.21352313167259784
1 0.6292585170340681 0.50355871886121 0.06813627254509018 0.16014234875444838
1 0.845691382765531 0.6690391459074733 0.17635270541082163 0.37722419928825623
1 0.565130260521042 0.44128113879003555 0.06412825651302605 0.16370106761565836
1 0.027054108216432865 0.5088967971530249 0.05410821643286573 0.12811387900355872
1 0.0781563126252505 0.7900355871886121 0.156312625250501 0.398576512455516
1 0.13326653306613226 0.4590747330960854 0.05410821643286573 0.15658362989323843
1 0.2855711422845691 0.3238434163701067 0.03406813627254509 0.05693950177935943
1 0.018036072144288574 0.3576512455516014 0.03607214428857715 0.05338078291814946
1 0.7134268537074148 0.5711743772241993 0.06813627254509018 0.22419928825622776
1 0.846693386773547 0.4572953736654804 0.04208416833667334 0.05338078291814946
1 0.8547094188376753 0.3612099644128114 0.03406813627254509 0.046263345195729534
1 0.9669338677354709 0.39145907473309605 0.03406813627254509 0.08540925266903915
1 0.42685370741482964 0.3167259786476868 0.03607214428857715 0.10676156583629892
