1 0.644 0.5542168674698795 0.22 0.355421686746988
1 0.354 0.7153614457831325 0.20800000000000002 0.5271084337349398
1 0.019 0.16265060240963855 0.038 0.13253012048192772
1 0.13 0.06325301204819278 0.048 0.0783132530120482
1 0.216 0.07078313253012049 0.056 0.11144578313253013
1 0.323 0.22590361445783133 0.09 0.3313253012048193
1 0.396 0.06927710843373494 0.044 0.11445783132530121
1 0.487 0.09337349397590362 0.034 0.12650602409638556
1 0.649 0.23192771084337352 0.07 0.21686746987951808
1 0.866 0.12650602409638556 0.032 0.09036144578313253
1 0.8210000000000001 0.09789156626506025 0.058 0.057228915662650606
1 0.14300000000000002 0.8268072289156627 0.28200000000000003 0.34036144578313254
