1 0.525 0.6786786786786787 0.226 0.5345345345345345
1 0.33 0.5195195195195195 0.14 0.24624624624624625
1 0.17300000000000001 0.5075075075075075 0.17400000000000002 0.2822822822822823
1 0.092 0.23123123123123124 0.092 0.07807807807807808
1 0.181 0.25825825825825827 0.066 0.18018018018018017
1 0.328 0.25675675675675674 0.076 0.15315315315315314
1 0.5690000000000001 0.24474474474474475 0.066 0.07507507507507508
1 0.668 0.21921921921921922 0.056 0.16816816816816815
1 0.854 0.17867867867867868 0.044 0.05105105105105105
1 0.45 0.25825825825825827 0.08 0.13813813813813813
1 0.8190000000000001 0.6141141141141141 0.198 0.40540540540540543
1 0.026000000000000002 0.23573573573573572 0.052000000000000005 0.13513513513513514
1 0.393 0.1111111111111111 0.042 0.04804804804804805
1 0.589 0.12462462462462462 0.062 0.07507507507507508
1 0.497 0.12762762762762764 0.034 0.09309309309309309
