1 0.101 0.49399399399399396 0.114 0.2072072072072072
1 0.332 0.36786786786786785 0.056 0.22522522522522523
1 0.464 0.46546546546546547 0.084 0.12012012012012012
1 0.558 0.521021021021021 0.076 0.14714714714714713
1 0.722 0.3288288288288288 0.092 0.19519519519519518
1 0.848 0.5225225225225225 0.092 0.14414414414414414
1 0.463 0.8438438438438438 0.362 0.3063063063063063
1 0.47600000000000003 0.8423423423423423 0.336 0.2912912912912913
1 0.429 0.5990990990990991 0.114 0.16516516516516516
1 0.321 0.5405405405405406 0.074 0.12012012012012012
1 0.614 0.49399399399399396 0.048 0.09309309309309309
1 0.727 0.6786786786786787 0.14200000000000002 0.3843843843843844
1 0.107 0.7807807807807807 0.214 0.43243243243243246
1 0.47400000000000003 0.2957957957957958 0.052000000000000005 0.2132132132132132
