1 0.54140625 0.5333333333333333 0.2078125 0.4458333333333333
1 0.7203125 0.36354166666666665 0.096875 0.18541666666666667
1 0.05 0.19791666666666666 0.09062500000000001 0.19166666666666665
1 0.03515625 0.30833333333333335 0.0703125 0.175
1 0.21015625000000002 0.24479166666666666 0.0484375 0.11041666666666666
1 0.3453125 0.19791666666666666 0.034375 0.05416666666666667
1 0.66171875 0.18854166666666666 0.0703125 0.14375
1 0.8125 0.24583333333333332 0.078125 0.17083333333333334
1 0.9593750000000001 0.21354166666666666 0.037500000000000006 0.04791666666666666
1 0.4890625 0.13854166666666667 0.018750000000000003 0.022916666666666665
1 0.44453125000000004 0.15 0.0234375 0.029166666666666667
1 0.3671875 0.13125 0.015625 0.025
1 0.2765625 0.15208333333333332 0.03125 0.08333333333333333
1 0.3015625 0.14583333333333334 0.03125 0.041666666666666664
1 0.19843750000000002 0.140625 0.025 0.035416666666666666
1 0.16562500000000002 0.13229166666666667 0.028125 0.05625
1 0.7210937500000001 0.19479166666666667 0.0484375 0.14375
1 0.9265625000000001 0.178125 0.034375 0.07291666666666667
1 0.88828125 0.178125 0.0421875 0.06041666666666667
1 0.40703125 0.21458333333333332 0.060937500000000006 0.20416666666666666
1 0.5164062500000001 0.25 0.0546875 0.1125
1 0.5546875 0.203125 0.034375 0.07291666666666667
1 0.59921875 0.31875 0.0734375 0.125
1 0.9890625000000001 0.25416666666666665 0.018750000000000003 0.17083333333333334
1 0.7914062500000001 0.140625 0.0203125 0.027083333333333334
1 0.6000000000000001 0.13854166666666667 0.021875000000000002 0.035416666666666666
1 0.12890625 0.13125 0.0234375 0.029166666666666667
1 0.13046875 0.175 0.0328125 0.05
