1 0.34407796101949023 0.744 0.22338830584707645 0.308
1 0.0704647676161919 0.767 0.1409295352323838 0.342
1 0.18215892053973012 0.599 0.11544227886056971 0.19
1 0.29685157421289354 0.524 0.08095952023988005 0.124
1 0.3950524737631184 0.548 0.08245877061469264 0.16
1 0.49400299850074963 0.525 0.08845577211394302 0.166
1 0.6634182908545727 0.5690000000000001 0.0914542728635682 0.194
1 0.7691154422788605 0.538 0.08995502248875561 0.17200000000000001
1 0.8365817091454273 0.51 0.04497751124437781 0.10400000000000001
1 0.8943028485757121 0.486 0.02848575712143928 0.084
1 0.97976011994003 0.528 0.037481259370314844 0.164
1 0.22038980509745126 0.486 0.07796101949025487 0.1
1 0.13118440779610194 0.47300000000000003 0.0704647676161919 0.098
1 0.062218890554722635 0.54 0.11544227886056971 0.164
1 0.34632683658170915 0.437 0.047976011994003 0.078
