1 0.123 0.2853333333333333 0.05 0.08533333333333333
1 0.28300000000000003 0.16666666666666666 0.074 0.072
1 0.339 0.19999999999999998 0.038 0.096
1 0.406 0.24533333333333332 0.032 0.064
1 0.577 0.288 0.058 0.10133333333333333
1 0.935 0.27466666666666667 0.074 0.10133333333333333
1 0.811 0.38 0.122 0.2373333333333333
1 0.615 0.23333333333333334 0.026000000000000002 0.04
1 0.49 0.3293333333333333 0.108 0.22666666666666666
1 0.305 0.328 0.098 0.13333333333333333
1 0.171 0.25466666666666665 0.038 0.056
1 0.122 0.22666666666666666 0.044 0.042666666666666665
1 0.013000000000000001 0.384 0.026000000000000002 0.08
