1 0.06533333333333333 0.561 0.088 0.514
1 0.45399999999999996 0.673 0.09466666666666666 0.358
1 0.5153333333333333 0.536 0.03333333333333333 0.084
1 0.5706666666666667 0.548 0.032 0.08
1 0.66 0.519 0.13066666666666665 0.154
1 0.7899999999999999 0.504 0.07866666666666666 0.148
1 0.8566666666666667 0.526 0.052 0.116
1 0.9273333333333333 0.67 0.06799999999999999 0.384
1 0.978 0.637 0.04133333333333333 0.278
1 0.48133333333333334 0.542 0.032 0.056
1 0.366 0.582 0.025333333333333333 0.06
1 0.5433333333333333 0.551 0.02 0.042
