1 0.251503006012024 0.6161202185792349 0.18236472945891782 0.2103825136612022
1 0.406813627254509 0.5724043715846995 0.12424849699398796 0.28688524590163933
1 0.5130260521042084 0.4385245901639344 0.17635270541082163 0.22131147540983606
1 0.5991983967935871 0.35655737704918034 0.07615230460921843 0.1448087431693989
1 0.3096192384769539 0.3319672131147541 0.06613226452905811 0.11748633879781421
1 0.022044088176352703 0.33879781420765026 0.044088176352705406 0.07650273224043716
1 0.026052104208416832 0.7459016393442623 0.052104208416833664 0.4426229508196721
1 0.7334669338677354 0.29508196721311475 0.05611222444889779 0.060109289617486336
1 0.7925851703406813 0.23770491803278687 0.04609218436873747 0.18032786885245902
1 0.9739478957915831 0.3319672131147541 0.04809619238476953 0.11748633879781421
