1 0.5212298682284041 0.63 0.09077598828696926 0.468
1 0.11493411420204978 0.5750000000000001 0.05710102489019034 0.214
1 0.027818448023426062 0.549 0.043923865300146414 0.162
1 0.30307467057101023 0.598 0.043923865300146414 0.276
1 0.6185944363103953 0.625 0.0746705710102489 0.306
1 0.8316251830161054 0.629 0.0849194729136164 0.302
1 0.7613469985358712 0.595 0.04978038067349927 0.326
1 0.3997071742313324 0.638 0.07027818448023426 0.34
1 0.20497803806734993 0.547 0.032210834553440704 0.17
1 0.9106881405563689 0.614 0.07613469985358712 0.36
1 0.2445095168374817 0.5660000000000001 0.03806734992679356 0.228
