1 0.09933333333333333 0.593 0.04666666666666666 0.10200000000000001
1 0.31866666666666665 0.5710000000000001 0.048 0.082
1 0.606 0.538 0.04133333333333333 0.164
1 0.714 0.617 0.06266666666666666 0.146
1 0.776 0.61 0.058666666666666666 0.116
1 0.386 0.5710000000000001 0.03866666666666667 0.078
1 0.4993333333333333 0.603 0.04933333333333333 0.11800000000000001
1 0.36266666666666664 0.808 0.14933333333333332 0.28
1 0.5539999999999999 0.707 0.09733333333333333 0.23
1 0.18533333333333332 0.72 0.13333333333333333 0.228
