1 0.5122222222222222 0.6742857142857143 0.2733333333333333 0.56
1 0.9077777777777778 0.4942857142857143 0.1711111111111111 0.8171428571428572
1 0.23777777777777778 0.5114285714285715 0.1511111111111111 0.19428571428571428
1 0.07 0.6457142857142857 0.13555555555555557 0.46285714285714286
1 0.18222222222222223 0.3628571428571429 0.04 0.06285714285714286
1 0.2788888888888889 0.36714285714285716 0.03333333333333333 0.07142857142857142
1 0.6711111111111111 0.36142857142857143 0.057777777777777775 0.08857142857142856
1 0.5144444444444445 0.3557142857142857 0.042222222222222223 0.06
1 0.07888888888888888 0.37857142857142856 0.042222222222222223 0.04857142857142857
1 0.028888888888888888 0.39571428571428574 0.04888888888888889 0.06571428571428571
