1 0.36 0.34384384384384387 0.036000000000000004 0.03303303303303303
1 0.623 0.4624624624624625 0.042 0.1021021021021021
1 0.6880000000000001 0.33933933933933935 0.04 0.06006006006006006
1 0.883 0.3213213213213213 0.03 0.07807807807807808
1 0.49 0.3183183183183183 0.028 0.06006006006006006
1 0.386 0.3108108108108108 0.028 0.03303303303303303
1 0.192 0.45495495495495497 0.04 0.17717717717717718
1 0.091 0.43243243243243246 0.03 0.14414414414414414
1 0.011 0.48348348348348347 0.022 0.16816816816816815
1 0.624 0.7867867867867868 0.184 0.42042042042042044
1 0.916 0.5645645645645646 0.136 0.23423423423423423
1 0.613 0.35285285285285284 0.034 0.07507507507507508
1 0.301 0.36186186186186187 0.046 0.06906906906906907
1 0.229 0.36786786786786785 0.034 0.06306306306306306
