1 0.6006493506493507 0.4088888888888889 0.28571428571428575 0.24444444444444444
1 0.2077922077922078 0.8244444444444444 0.4155844155844156 0.3466666666666667
1 0.13311688311688313 0.43222222222222223 0.26623376623376627 0.2777777777777778
1 0.24350649350649353 0.21888888888888888 0.14935064935064937 0.18444444444444444
1 0.08441558441558442 0.21555555555555556 0.16883116883116883 0.16
1 0.48051948051948057 0.21666666666666667 0.1168831168831169 0.11777777777777777
1 0.8198051948051949 0.29777777777777775 0.12662337662337664 0.24888888888888888
1 0.6185064935064936 0.1288888888888889 0.0551948051948052 0.07111111111111111
1 0.4480519480519481 0.10333333333333333 0.05194805194805195 0.05555555555555555
1 0.3928571428571429 0.10666666666666666 0.06493506493506494 0.04888888888888889
1 0.2905844155844156 0.1 0.061688311688311695 0.06666666666666667
1 0.2207792207792208 0.1 0.05844155844155845 0.05333333333333333
1 0.04383116883116883 0.10222222222222223 0.06818181818181819 0.06222222222222222
1 0.48701298701298706 0.07222222222222222 0.03246753246753247 0.03777777777777778
