1 0.401 0.5 0.066 0.09333333333333332
1 0.093 0.49066666666666664 0.094 0.08533333333333333
1 0.29 0.7413333333333333 0.176 0.29866666666666664
1 0.833 0.5693333333333334 0.17400000000000002 0.13066666666666665
1 0.901 0.42533333333333334 0.09 0.104
1 0.68 0.44266666666666665 0.06 0.09066666666666666
1 0.631 0.43466666666666665 0.05 0.07466666666666666
1 0.10200000000000001 0.9106666666666666 0.20400000000000001 0.17333333333333334
1 0.031 0.584 0.062 0.23466666666666666
1 0.859 0.82 0.278 0.35466666666666663
