1 0.1375 0.44 0.05166666666666667 0.14
1 0.11166666666666668 0.585 0.12333333333333334 0.145
1 0.4516666666666667 0.51625 0.08333333333333334 0.3725
1 0.7883333333333333 0.2625 0.16333333333333333 0.2
1 0.8291666666666667 0.65 0.19833333333333333 0.5700000000000001
1 0.6625000000000001 0.51 0.10166666666666667 0.46
1 0.5575 0.3 0.12833333333333335 0.39
1 0.2758333333333334 0.37875000000000003 0.04166666666666667 0.0625
1 0.535 0.555 0.07666666666666667 0.26
1 0.35250000000000004 0.54125 0.12833333333333335 0.3825
