1 0.251 0.5165165165165165 0.074 0.12012012012012012
1 0.646 0.7462462462462462 0.224 0.44744744744744747
1 0.885 0.7477477477477478 0.162 0.4924924924924925
1 0.719 0.45045045045045046 0.09 0.07807807807807808
1 0.29 0.6756756756756757 0.06 0.27627627627627627
1 0.9540000000000001 0.3768768768768769 0.044 0.08108108108108109
1 0.86 0.4984984984984985 0.064 0.16216216216216217
1 0.198 0.3588588588588589 0.052000000000000005 0.09309309309309309
1 0.133 0.43243243243243246 0.05 0.08408408408408408
1 0.632 0.36786786786786785 0.048 0.06306306306306306
