1 0.28671875 0.85625 0.1328125 0.2833333333333333
1 0.39375000000000004 0.7625 0.037500000000000006 0.16666666666666666
1 0.46875 0.7791666666666667 0.046875 0.15833333333333333
1 0.5109375 0.775 0.028125 0.1625
1 0.7453125 0.7114583333333333 0.021875000000000002 0.06041666666666667
1 0.22734375 0.71875 0.029687500000000002 0.075
1 0.13828125 0.725 0.026562500000000003 0.0875
1 0.8625 0.7270833333333333 0.03125 0.0875
1 0.051562500000000004 0.8510416666666667 0.028125 0.29375
1 0.28671875 0.6979166666666666 0.0234375 0.0375
