1 0.34707646176911544 0.48 0.1394302848575712 0.22
1 0.5637181409295352 0.5680000000000001 0.1679160419790105 0.268
1 0.7863568215892054 0.492 0.16041979010494753 0.148
1 0.13568215892053972 0.424 0.08845577211394302 0.084
1 0.22038980509745126 0.44 0.06296851574212893 0.164
1 0.8988005997001499 0.352 0.06446776611694152 0.1
1 0.833583208395802 0.332 0.05397301349325337 0.064
1 0.6709145427286357 0.376 0.05247376311844078 0.064
1 0.5907046476761619 0.34600000000000003 0.03298350824587706 0.032
1 0.527736131934033 0.366 0.038980509745127435 0.076
1 0.40629685157421286 0.358 0.026986506746626684 0.036000000000000004
