1 0.18642857142857142 0.41094420600858367 0.09571428571428571 0.13948497854077252
1 0.065 0.5793991416309013 0.13 0.5536480686695279
1 0.4657142857142857 0.5987124463519313 0.13142857142857142 0.22317596566523606
1 0.6014285714285714 0.5085836909871244 0.09142857142857143 0.13733905579399142
1 0.7435714285714285 0.7896995708154506 0.19285714285714287 0.30042918454935624
1 0.9114285714285715 0.5257510729613734 0.08285714285714285 0.1759656652360515
1 0.7264285714285714 0.4055793991416309 0.06714285714285714 0.1072961373390558
1 0.5992857142857143 0.3669527896995708 0.04428571428571428 0.09442060085836909
1 0.5214285714285715 0.3948497854077253 0.05714285714285714 0.09012875536480687
1 0.4135714285714286 0.3583690987124464 0.05857142857142857 0.0815450643776824
