1 0.343 0.4057315233785822 0.098 0.20211161387631976
1 0.09 0.48491704374057315 0.112 0.10407239819004525
1 0.318 0.6334841628959277 0.18 0.21116138763197587
1 0.551 0.832579185520362 0.306 0.33182503770739064
1 0.058 0.6711915535444948 0.116 0.22322775263951736
1 0.065 0.9185520361990951 0.13 0.1598793363499246
1 0.641 0.5331825037707391 0.098 0.17647058823529413
1 0.456 0.4396681749622926 0.076 0.05580693815987934
1 0.773 0.41478129713423834 0.062 0.07541478129713425
1 0.911 0.442684766214178 0.062 0.06184012066365008
1 0.198 0.4502262443438914 0.048 0.06485671191553545
1 0.893 0.5806938159879337 0.17400000000000002 0.14177978883861236
