1 0.11599999999999999 0.525 0.17866666666666667 0.862
1 0.30466666666666664 0.463 0.04666666666666666 0.254
1 0.36066666666666664 0.553 0.076 0.318
1 0.48 0.6950000000000001 0.176 0.362
1 0.5573333333333333 0.339 0.04533333333333333 0.514
1 0.4413333333333333 0.298 0.09866666666666667 0.41200000000000003
1 0.3 0.178 0.029333333333333333 0.196
1 0.35866666666666663 0.187 0.048 0.218
1 0.5233333333333333 0.176 0.04933333333333333 0.128
1 0.6773333333333333 0.179 0.05333333333333333 0.122
1 0.7626666666666666 0.189 0.064 0.154
1 0.9013333333333333 0.47900000000000004 0.088 0.718
1 0.6053333333333333 0.111 0.024 0.054
1 0.89 0.095 0.030666666666666665 0.038
1 0.9513333333333333 0.146 0.022666666666666665 0.1
