1 0.6638655462184874 0.35100000000000003 0.06962785114045618 0.23
1 0.7947178871548619 0.604 0.09603841536614645 0.428
1 0.5552220888355341 0.535 0.08763505402160864 0.20600000000000002
1 0.20228091236494597 0.727 0.17887154861944776 0.518
1 0.09543817527010803 0.446 0.06362545018007203 0.152
1 0.25990396158463386 0.41000000000000003 0.07082833133253301 0.128
1 0.3085234093637455 0.354 0.031212484993997598 0.064
1 0.4033613445378151 0.391 0.0432172869147659 0.09
1 0.5132052821128451 0.372 0.03481392557022809 0.076
1 0.5966386554621849 0.399 0.048019207683073224 0.082
1 0.04441776710684273 0.381 0.04561824729891956 0.094
