1 0.524 0.6792168674698795 0.196 0.5451807228915663
1 0.834 0.6054216867469879 0.22 0.3855421686746988
1 0.338 0.625 0.17200000000000001 0.4728915662650603
1 0.08 0.3614457831325301 0.07200000000000001 0.22289156626506026
1 0.077 0.2243975903614458 0.038 0.057228915662650606
1 0.106 0.14457831325301207 0.06 0.0963855421686747
1 0.17200000000000001 0.1536144578313253 0.032 0.06626506024096386
1 0.393 0.11144578313253013 0.038 0.04819277108433735
1 0.523 0.1430722891566265 0.034 0.08734939759036145
1 0.728 0.14156626506024098 0.04 0.10240963855421688
1 0.852 0.2801204819277109 0.076 0.1566265060240964
1 0.704 0.2936746987951807 0.07200000000000001 0.1897590361445783
1 0.5710000000000001 0.24397590361445784 0.062 0.0783132530120482
1 0.457 0.2605421686746988 0.074 0.12951807228915663
1 0.327 0.25150602409638556 0.062 0.13554216867469882
1 0.214 0.21536144578313254 0.04 0.08132530120481928
1 0.227 0.13253012048192772 0.03 0.042168674698795185
1 0.024 0.22590361445783133 0.048 0.11445783132530121
