1 0.35859375000000004 0.558411214953271 0.07968750000000001 0.4579439252336448
1 0.43984375000000003 0.7324766355140186 0.0859375 0.5163551401869159
1 0.5125000000000001 0.6518691588785046 0.07187500000000001 0.3037383177570093
1 0.59296875 0.5607476635514018 0.0921875 0.49532710280373826
1 0.7289062500000001 0.5992990654205607 0.1046875 0.4228971962616822
1 0.8328125000000001 0.8434579439252335 0.14375000000000002 0.308411214953271
1 0.91953125 0.7044392523364486 0.0890625 0.44158878504672894
1 0.8328125000000001 0.5490654205607476 0.084375 0.308411214953271
1 0.07500000000000001 0.7441588785046729 0.10625000000000001 0.49766355140186913
1 0.19375 0.772196261682243 0.08750000000000001 0.4509345794392523
1 0.11640625 0.6939252336448598 0.0671875 0.4813084112149532
