1 0.30000000000000004 0.5269978401727862 0.0625 0.18142548596112312
1 0.5796875 0.4503239740820735 0.10625000000000001 0.12742980561555076
1 0.78515625 0.49352051835853133 0.1234375 0.14038876889848814
1 0.89453125 0.47516198704103674 0.1046875 0.16846652267818576
1 0.94921875 0.4049676025917927 0.0734375 0.11015118790496761
1 0.84375 0.38120950323974084 0.059375000000000004 0.09719222462203024
1 0.08828125 0.49136069114470843 0.0671875 0.11015118790496761
1 0.21328125 0.47732181425485964 0.0765625 0.1123110151187905
1 0.3828125 0.4265658747300216 0.10625000000000001 0.14470842332613393
1 0.50625 0.46112311015118795 0.0625 0.20950323974082075
1 0.15703125 0.40712742980561556 0.051562500000000004 0.0755939524838013
1 0.03515625 0.5615550755939526 0.0703125 0.21166306695464365
