1 0.23357142857142857 0.7699579831932772 0.18714285714285714 0.45588235294117646
1 0.3535714285714286 0.5630252100840336 0.13 0.25630252100840334
1 0.45714285714285713 0.37184873949579833 0.11428571428571428 0.3067226890756302
1 0.5442857142857143 0.5703781512605042 0.12 0.29201680672268904
1 0.68 0.5504201680672268 0.12 0.1680672268907563
1 0.7221428571428572 0.8161764705882353 0.19285714285714287 0.3634453781512605
1 0.07857142857142857 0.3960084033613445 0.09142857142857143 0.3214285714285714
1 0.15142857142857144 0.21743697478991594 0.05142857142857143 0.1449579831932773
1 0.23285714285714285 0.17016806722689076 0.06285714285714286 0.18067226890756302
1 0.022857142857142857 0.2394957983193277 0.045714285714285714 0.12184873949579832
