1 0.5039735099337749 0.5720000000000001 0.0781456953642384 0.41600000000000004
1 0.7781456953642384 0.41500000000000004 0.07549668874172186 0.122
1 0.35827814569536426 0.609 0.11258278145695365 0.39
1 0.12450331125827814 0.601 0.19337748344370861 0.602
1 0.9483443708609272 0.55 0.10066225165562914 0.56
1 0.6377483443708609 0.532 0.07549668874172186 0.228
1 0.2609271523178808 0.468 0.052980132450331126 0.14
1 0.012582781456953643 0.41600000000000004 0.025165562913907286 0.04
1 0.36821192052980134 0.371 0.04768211920529801 0.062
1 0.4390728476821192 0.47600000000000003 0.03576158940397351 0.184
1 0.5582781456953643 0.46 0.04105960264900662 0.088
1 0.5920529801324503 0.462 0.031788079470198675 0.088
