1 0.46214285714285713 0.5965665236051502 0.12142857142857143 0.22317596566523606
1 0.7414285714285714 0.7896995708154506 0.19142857142857142 0.30042918454935624
1 0.8307142857142857 0.6094420600858369 0.11857142857142858 0.2145922746781116
1 0.9185714285714286 0.528969957081545 0.07714285714285714 0.1609442060085837
1 0.95 0.4721030042918455 0.05142857142857143 0.11587982832618025
1 0.9542857142857143 0.3948497854077253 0.04 0.060085836909871244
1 0.7807142857142857 0.38626609442060084 0.08142857142857143 0.08583690987124463
1 0.7285714285714285 0.41523605150214593 0.06571428571428571 0.10944206008583691
1 0.6721428571428572 0.44742489270386265 0.08142857142857143 0.10944206008583691
1 0.5978571428571429 0.5118025751072961 0.09 0.13948497854077252
1 0.30142857142857143 0.49356223175965663 0.12857142857142856 0.15450643776824036
1 0.30785714285714283 0.3873390557939914 0.07857142857142857 0.10944206008583691
1 0.1792857142857143 0.4034334763948498 0.08714285714285715 0.12875536480686695
1 0.06642857142857143 0.592274678111588 0.13285714285714287 0.5579399141630901
1 0.4107142857142857 0.3594420600858369 0.055714285714285716 0.08369098712446352
1 0.48428571428571426 0.35085836909871243 0.05142857142857143 0.08798283261802575
1 0.5507142857142857 0.3315450643776824 0.04428571428571428 0.05793991416309013
1 0.6542857142857142 0.34227467811158796 0.05142857142857143 0.08369098712446352
