1 0.13333333333333333 0.7411111111111112 0.26333333333333336 0.5133333333333333
1 0.3458333333333334 0.5733333333333334 0.1716666666666667 0.3377777777777778
1 0.6675000000000001 0.45 0.058333333333333334 0.18444444444444444
1 0.7583333333333334 0.35888888888888887 0.043333333333333335 0.06444444444444444
1 0.7983333333333333 0.41555555555555557 0.05666666666666667 0.09777777777777778
1 0.40750000000000003 0.44333333333333336 0.08166666666666667 0.22
1 0.19833333333333333 0.4022222222222222 0.08333333333333334 0.16444444444444445
1 0.07666666666666667 0.4088888888888889 0.08333333333333334 0.15555555555555556
1 0.3091666666666667 0.36444444444444446 0.058333333333333334 0.09333333333333334
1 0.9241666666666667 0.7322222222222222 0.14833333333333334 0.5311111111111111
1 0.5891666666666667 0.3788888888888889 0.03833333333333334 0.07777777777777778
1 0.26 0.39 0.04666666666666667 0.11777777777777777
