1 0.19565217391304346 0.725 0.16041979010494753 0.222
1 0.30134932533733133 0.543 0.047976011994003 0.074
1 0.06521739130434782 0.583 0.09745127436281859 0.10200000000000001
1 0.13418290854572712 0.551 0.046476761619190406 0.07
1 0.1874062968515742 0.514 0.0239880059970015 0.044
1 0.40554722638680657 0.513 0.025487256371814093 0.05
1 0.628935532233883 0.52 0.04947526236881559 0.06
1 0.7218890554722639 0.502 0.025487256371814093 0.032
1 0.4070464767616192 0.458 0.02848575712143928 0.052000000000000005
1 0.2128935532233883 0.507 0.020989505247376312 0.03
