1 0.14200000000000002 0.6616766467065869 0.088 0.251497005988024
1 0.028 0.8188622754491018 0.056 0.16467065868263475
1 0.41300000000000003 0.8398203592814372 0.21 0.31437125748503
1 0.627 0.8338323353293414 0.17 0.3263473053892216
1 0.22 0.5538922155688623 0.06 0.1317365269461078
1 0.3 0.5269461077844312 0.068 0.10778443113772455
1 0.488 0.47305389221556887 0.032 0.04191616766467066
1 0.507 0.3922155688622755 0.07 0.11976047904191617
1 0.711 0.4880239520958084 0.042 0.07784431137724551
1 0.795 0.46706586826347307 0.034 0.05389221556886228
1 0.846 0.5119760479041916 0.044 0.11377245508982037
1 0.913 0.5688622754491018 0.054 0.10778443113772455
