1 0.146 0.7053973013493253 0.232 0.20539730134932532
1 0.418 0.712143928035982 0.17200000000000001 0.24287856071964017
1 0.6930000000000001 0.7263868065967016 0.13 0.1934032983508246
1 0.892 0.724887556221889 0.17200000000000001 0.1664167916041979
1 0.314 0.8733133433283358 0.272 0.20239880059970014
1 0.593 0.6394302848575711 0.08600000000000001 0.09745127436281859
1 0.496 0.29610194902548725 0.184 0.3823088455772114
1 0.674 0.20314842578710643 0.112 0.25037481259370314
1 0.86 0.21589205397301348 0.128 0.2788605697151424
1 0.157 0.25412293853073464 0.146 0.2833583208395802
1 0.392 0.20089955022488756 0.068 0.17391304347826086
1 0.082 0.2383808095952024 0.112 0.2338830584707646
1 0.849 0.9332833583208395 0.246 0.10344827586206896
1 0.55 0.15742128935532235 0.036000000000000004 0.07796101949025487
