1 0.1176911544227886 0.536 0.12743628185907047 0.132
1 0.38980509745127434 0.715 0.17691154422788605 0.39
1 0.6019490254872564 0.654 0.10344827586206896 0.34800000000000003
1 0.7848575712143928 0.537 0.07346326836581708 0.09
1 0.29235382308845576 0.436 0.041979010494752625 0.068
1 0.2376311844077961 0.41300000000000003 0.046476761619190406 0.07
1 0.34707646176911544 0.417 0.043478260869565216 0.034
1 0.4122938530734633 0.458 0.035982008995502246 0.084
1 0.507496251874063 0.439 0.034482758620689655 0.05
1 0.9190404797601199 0.586 0.047976011994003 0.228
