1 0.20375000000000001 0.4716666666666667 0.0525 0.07666666666666667
1 0.2625 0.42000000000000004 0.045 0.060000000000000005
1 0.35000000000000003 0.44 0.06 0.08666666666666667
1 0.49375 0.5283333333333333 0.11750000000000001 0.17666666666666667
1 0.25 0.5666666666666667 0.14 0.22666666666666668
1 0.4525 0.4133333333333334 0.035 0.04
1 0.55875 0.385 0.0475 0.06333333333333334
1 0.62 0.39666666666666667 0.035 0.07333333333333333
1 0.88 0.445 0.085 0.17666666666666667
1 0.75375 0.4083333333333334 0.0475 0.11
1 0.7075 0.39666666666666667 0.045 0.08666666666666667
1 0.7925 0.42000000000000004 0.04 0.07333333333333333
1 0.9500000000000001 0.43000000000000005 0.045 0.14666666666666667
