1 0.32958380202474696 0.323 0.17547806524184478 0.218
1 0.4055118110236221 0.156 0.08661417322834647 0.18
1 0.21091113610798654 0.213 0.09561304836895389 0.318
1 0.11698537682789653 0.28200000000000003 0.09673790776152982 0.16
1 0.04724409448818898 0.709 0.09448818897637797 0.274
1 0.12935883014623173 0.784 0.11023622047244096 0.176
1 0.31721034870641174 0.801 0.13723284589426324 0.19
1 0.8745781777277841 0.671 0.08886389201349833 0.146
1 0.8307086614173229 0.311 0.17435320584926886 0.19
1 0.9780652418447695 0.41200000000000003 0.04161979752530934 0.156
