1 0.4 0.368 0.05033112582781457 0.076
1 0.46225165562913906 0.321 0.05562913907284768 0.114
1 0.5456953642384106 0.405 0.045033112582781455 0.13
1 0.2695364238410596 0.498 0.1205298013245033 0.20800000000000002
1 0.3490066225165563 0.41600000000000004 0.051655629139072845 0.168
1 0.03245033112582781 0.402 0.059602649006622516 0.148
1 0.1847682119205298 0.326 0.038410596026490065 0.036000000000000004
1 0.6821192052980133 0.401 0.039735099337748346 0.138
1 0.8258278145695365 0.515 0.0781456953642384 0.186
1 0.9437086092715232 0.342 0.08079470198675497 0.232
1 0.8350993377483443 0.268 0.030463576158940398 0.044
1 0.6218543046357616 0.381 0.05695364238410596 0.106
1 0.1456953642384106 0.393 0.06887417218543046 0.09
1 0.24304635761589405 0.321 0.02781456953642384 0.038
1 0.2993377483443709 0.361 0.05033112582781457 0.09
