1 0.109 0.5675675675675675 0.10200000000000001 0.2882882882882883
1 0.317 0.7717717717717718 0.126 0.24024024024024024
1 0.452 0.8468468468468469 0.148 0.3003003003003003
1 0.91 0.7702702702702703 0.176 0.45345345345345345
1 0.761 0.6981981981981982 0.166 0.3213213213213213
1 0.936 0.466966966966967 0.124 0.17717717717717718
1 0.8290000000000001 0.5375375375375375 0.074 0.23423423423423423
1 0.20500000000000002 0.3813813813813814 0.122 0.22822822822822822
1 0.066 0.7042042042042042 0.132 0.3153153153153153
1 0.356 0.3288288288288288 0.056 0.14714714714714713
1 0.41100000000000003 0.36486486486486486 0.046 0.1891891891891892
1 0.504 0.4219219219219219 0.048 0.13513513513513514
1 0.456 0.44744744744744747 0.044 0.12012012012012012
1 0.552 0.3363363363363363 0.048 0.16816816816816815
1 0.622 0.2927927927927928 0.084 0.15915915915915915
1 0.686 0.3228228228228228 0.048 0.1831831831831832
1 0.746 0.3078078078078078 0.076 0.10510510510510511
1 0.759 0.42792792792792794 0.09 0.17117117117117117
1 0.502 0.3123123123123123 0.07200000000000001 0.12012012012012012
1 0.126 0.30930930930930933 0.056 0.15615615615615616
