1 0.31777777777777777 0.6083333333333334 0.2088888888888889 0.51
1 0.3611111111111111 0.275 0.1 0.17666666666666667
1 0.03333333333333333 0.16166666666666668 0.06666666666666667 0.11666666666666667
1 0.8977777777777778 0.5666666666666667 0.16 0.5133333333333334
1 0.7622222222222222 0.09333333333333334 0.09333333333333334 0.13333333333333333
1 0.8344444444444444 0.19833333333333333 0.07333333333333333 0.11666666666666667
1 0.9333333333333333 0.22833333333333336 0.09333333333333334 0.17666666666666667
1 0.35888888888888887 0.10333333333333335 0.04666666666666667 0.05333333333333334
1 0.18777777777777777 0.13333333333333333 0.051111111111111114 0.15333333333333335
1 0.04666666666666667 0.3466666666666667 0.09333333333333334 0.28
