1 0.13104611923509563 0.801 0.2530933633295838 0.394
1 0.6445444319460069 0.794 0.1957255343082115 0.40800000000000003
1 0.8307086614173229 0.6980000000000001 0.12260967379077617 0.38
1 0.3633295838020248 0.774 0.12598425196850394 0.448
1 0.3363329583802025 0.441 0.058492688413948266 0.19
1 0.41113610798650174 0.452 0.05286839145106862 0.212
1 0.65748031496063 0.424 0.04161979752530934 0.164
1 0.766591676040495 0.482 0.04836895388076491 0.14400000000000002
1 0.9595050618672667 0.47000000000000003 0.07874015748031497 0.136
1 0.8509561304836896 0.47000000000000003 0.043869516310461196 0.084
