1 0.4290909090909091 0.5803814713896458 0.18545454545454546 0.2561307901907357
1 0.5781818181818181 0.8732970027247956 0.13818181818181818 0.24795640326975477
1 0.7536363636363637 0.771117166212534 0.07818181818181819 0.1416893732970027
1 0.21181818181818182 0.8637602179836512 0.15818181818181817 0.2506811989100817
1 0.10272727272727272 0.8133514986376021 0.11090909090909092 0.22615803814713895
1 0.015454545454545455 0.7343324250681199 0.03090909090909091 0.13896457765667575
1 0.04909090909090909 0.9005449591280653 0.09818181818181818 0.18256130790190736
1 0.6736363636363636 0.8188010899182561 0.10363636363636364 0.21525885558583105
1 0.4309090909090909 0.9073569482288828 0.16727272727272727 0.17983651226158037
1 0.43272727272727274 0.7643051771117166 0.08727272727272728 0.11171662125340599
