1 0.2775 0.6560150375939849 0.19 0.5
1 0.47000000000000003 0.7274436090225563 0.165 0.5075187969924811
1 0.61125 0.6334586466165413 0.10250000000000001 0.39473684210526316
1 0.70875 0.5883458646616541 0.08750000000000001 0.3571428571428571
1 0.12875 0.6672932330827067 0.11750000000000001 0.34962406015037595
1 0.8275 0.5770676691729323 0.08 0.31954887218045114
1 0.90625 0.48684210526315785 0.0475 0.22180451127819548
1 0.38625 0.3458646616541353 0.0675 0.06015037593984962
1 0.96875 0.5958646616541353 0.0575 0.31954887218045114
1 0.82125 0.2857142857142857 0.0425 0.05263157894736842
1 0.3875 0.3421052631578947 0.05 0.08270676691729323
1 0.5875 0.381578947368421 0.07 0.10150375939849623
1 0.6687500000000001 0.3270676691729323 0.0475 0.06766917293233082
1 0.765 0.3872180451127819 0.05 0.10526315789473684
1 0.51125 0.3214285714285714 0.0425 0.09398496240601503
1 0.0575 0.6278195488721804 0.1 0.3609022556390977
1 0.09 0.42293233082706766 0.06 0.13157894736842105
