1 0.33695652173913043 0.805 0.04076086956521739 0.20600000000000002
1 0.24932065217391303 0.81 0.050271739130434784 0.20400000000000001
1 0.0794836956521739 0.8200000000000001 0.042119565217391304 0.23600000000000002
1 0.48777173913043476 0.789 0.035326086956521736 0.158
1 0.5957880434782609 0.784 0.03125 0.136
1 0.6616847826086957 0.778 0.03260869565217391 0.132
1 0.4076086956521739 0.796 0.02717391304347826 0.148
1 0.11820652173913043 0.8170000000000001 0.029891304347826088 0.202
1 0.7941576086956521 0.774 0.020380434782608696 0.096
1 0.01358695652173913 0.731 0.02717391304347826 0.074
1 0.5271739130434783 0.781 0.021739130434782608 0.114
