1 0.26666666666666666 0.2833333333333333 0.10666666666666667 0.5133333333333334
1 0.635 0.21333333333333335 0.10333333333333335 0.26666666666666666
1 0.935 0.3166666666666667 0.09666666666666668 0.32666666666666666
1 0.3766666666666667 0.33333333333333337 0.11333333333333334 0.16
1 0.5016666666666667 0.22666666666666668 0.09000000000000001 0.16
1 0.5066666666666667 0.42333333333333334 0.12000000000000001 0.2733333333333334
1 0.05 0.6566666666666667 0.1 0.35333333333333333
1 0.17833333333333334 0.3566666666666667 0.11 0.31333333333333335
1 0.05 0.32 0.07333333333333333 0.16
1 0.3166666666666667 0.7300000000000001 0.14666666666666667 0.32666666666666666
1 0.5016666666666667 0.7166666666666667 0.16333333333333333 0.35333333333333333
1 0.7083333333333334 0.61 0.13 0.3666666666666667
