1 0.184 0.5975975975975976 0.08 0.4024024024024024
1 0.327 0.5555555555555556 0.062 0.3303303303303303
1 0.432 0.542042042042042 0.056 0.2732732732732733
1 0.505 0.53003003003003 0.042 0.21921921921921922
1 0.5660000000000001 0.5255255255255256 0.036000000000000004 0.2042042042042042
1 0.719 0.49099099099099097 0.03 0.12912912912912913
1 0.81 0.45495495495495497 0.024 0.09309309309309309
1 0.614 0.484984984984985 0.028 0.17117117117117117
1 0.079 0.5825825825825826 0.066 0.3483483483483483
1 0.134 0.566066066066066 0.036000000000000004 0.24324324324324323
1 0.022 0.539039039039039 0.04 0.24324324324324323
