1 0.36731634182908546 0.41400000000000003 0.335832083958021 0.28800000000000003
1 0.7443778110944528 0.354 0.328335832083958 0.34800000000000003
1 0.12668665667166418 0.2 0.07646176911544228 0.1
1 0.05397301349325337 0.227 0.08395802098950525 0.078
1 0.23163418290854573 0.229 0.034482758620689655 0.074
1 0.37631184407796103 0.098 0.05997001499250375 0.124
1 0.4070464767616192 0.183 0.037481259370314844 0.038
1 0.5292353823088456 0.105 0.06896551724137931 0.13
1 0.6604197901049476 0.09 0.08845577211394302 0.12
1 0.8328335832083957 0.113 0.12443778110944527 0.13
1 0.9760119940029984 0.256 0.04497751124437781 0.164
1 0.9362818590704647 0.209 0.05547226386806597 0.074
