1 0.4066666666666667 0.4 0.06666666666666667 0.2577777777777778
1 0.19833333333333333 0.7411111111111112 0.21666666666666667 0.46444444444444444
1 0.042222222222222223 0.6933333333333334 0.08444444444444445 0.39555555555555555
1 0.7261111111111112 0.7422222222222222 0.2011111111111111 0.4711111111111111
1 0.12611111111111112 0.45444444444444443 0.04555555555555556 0.08222222222222222
1 0.47333333333333333 0.8122222222222222 0.23555555555555555 0.3711111111111111
1 0.9144444444444444 0.5677777777777778 0.07555555555555556 0.31777777777777777
1 0.2411111111111111 0.46555555555555556 0.04 0.07777777777777778
1 0.7372222222222222 0.4533333333333333 0.058888888888888886 0.1111111111111111
1 0.6688888888888889 0.45555555555555555 0.057777777777777775 0.12
1 0.49722222222222223 0.5377777777777778 0.10555555555555556 0.17777777777777778
