1 0.08185053380782918 0.537037037037037 0.1387900355871886 0.21693121693121692
1 0.30071174377224197 0.45370370370370366 0.10320284697508897 0.11375661375661375
1 0.45284697508896793 0.46957671957671954 0.10498220640569395 0.1455026455026455
1 0.31494661921708184 0.33994708994708994 0.046263345195729534 0.05555555555555555
1 0.14501779359430605 0.3082010582010582 0.02669039145907473 0.06084656084656084
1 0.33451957295373663 0.3055555555555555 0.03914590747330961 0.05555555555555555
1 0.592526690391459 0.3055555555555555 0.03914590747330961 0.06084656084656084
1 0.695729537366548 0.32539682539682535 0.03202846975088968 0.047619047619047616
1 0.9626334519572953 0.36243386243386244 0.03202846975088968 0.06878306878306878
1 0.4919928825622776 0.2923280423280423 0.030249110320284697 0.06084656084656084
1 0.41637010676156583 0.29894179894179895 0.01779359430604982 0.047619047619047616
1 0.24555160142348753 0.2976190476190476 0.028469750889679714 0.05555555555555555
