1 0.11394302848575712 0.6900000000000001 0.22788605697151423 0.38
1 0.5772113943028485 0.741 0.20389805097451275 0.514
1 0.835832083958021 0.72 0.19640179910044978 0.512
1 0.31409295352323835 0.584 0.13343328335832083 0.396
1 0.6476761619190404 0.5 0.10494752623688156 0.164
1 0.8268365817091454 0.719 0.18140929535232383 0.518
1 0.1866566716641679 0.389 0.04947526236881559 0.094
1 0.0944527736131934 0.41500000000000004 0.047976011994003 0.074
1 0.4295352323838081 0.422 0.08245877061469264 0.10400000000000001
1 0.5794602698650675 0.426 0.05547226386806597 0.116
