1 0.38125000000000003 0.596875 0.209375 0.8020833333333334
1 0.6765625000000001 0.50625 0.12187500000000001 0.5083333333333333
1 0.1265625 0.7135416666666666 0.253125 0.56875
1 0.10859375 0.3770833333333333 0.0734375 0.1625
1 0.20078125000000002 0.3625 0.035937500000000004 0.125
1 0.5359375000000001 0.4822916666666667 0.09375 0.48125
1 0.57734375 0.2791666666666667 0.0328125 0.05416666666666667
1 0.6312500000000001 0.3145833333333333 0.034375 0.1
1 0.92890625 0.365625 0.0890625 0.20208333333333334
1 0.84921875 0.6197916666666666 0.1546875 0.75625
