1 0.41500000000000004 0.6755555555555556 0.22666666666666668 0.48444444444444446
1 0.17750000000000002 0.6222222222222222 0.14166666666666666 0.26222222222222225
1 0.6108333333333333 0.5277777777777778 0.09166666666666667 0.17555555555555555
1 0.7141666666666667 0.5677777777777778 0.11166666666666668 0.24222222222222223
1 0.915 0.4633333333333333 0.07666666666666667 0.09111111111111111
1 0.6666666666666667 0.36 0.05 0.07555555555555556
1 0.3716666666666667 0.3922222222222222 0.043333333333333335 0.07333333333333333
1 0.41750000000000004 0.3922222222222222 0.04166666666666667 0.07777777777777778
1 0.5366666666666667 0.42333333333333334 0.03666666666666667 0.051111111111111114
1 0.21833333333333335 0.4722222222222222 0.06666666666666667 0.09555555555555556
1 0.07 0.7833333333333333 0.1366666666666667 0.42444444444444446
1 0.49083333333333334 0.47333333333333333 0.065 0.10222222222222223
1 0.6766666666666667 0.4033333333333333 0.02666666666666667 0.03777777777777778
1 0.765 0.4822222222222222 0.05333333333333334 0.18222222222222223
1 0.7975000000000001 0.41 0.025 0.06444444444444444
1 0.9533333333333334 0.41333333333333333 0.03333333333333333 0.057777777777777775
1 0.2783333333333334 0.38555555555555554 0.043333333333333335 0.07777777777777778
1 0.18916666666666668 0.38 0.03833333333333334 0.06666666666666667
