1 0.45399999999999996 0.672 0.132 0.368
1 0.3253333333333333 0.807 0.14133333333333334 0.382
1 0.09333333333333332 0.6880000000000001 0.17333333333333334 0.324
1 0.22133333333333333 0.277 0.09333333333333332 0.17400000000000002
1 0.3353333333333333 0.465 0.10533333333333333 0.258
1 0.36666666666666664 0.316 0.064 0.068
1 0.46199999999999997 0.29 0.06799999999999999 0.096
1 0.724 0.322 0.07733333333333334 0.132
1 0.9126666666666666 0.333 0.07333333333333333 0.158
1 0.8766666666666666 0.6 0.22266666666666665 0.244
1 0.8253333333333333 0.776 0.248 0.432
1 0.5546666666666666 0.551 0.128 0.318
1 0.58 0.464 0.07466666666666666 0.17200000000000001
1 0.174 0.465 0.08133333333333333 0.166
1 0.10133333333333333 0.368 0.064 0.148
1 0.041999999999999996 0.41100000000000003 0.07866666666666666 0.20600000000000002
