1 0.1976470588235294 0.4715808170515098 0.12705882352941175 0.1616341030195382
1 0.43235294117647055 0.48756660746003555 0.12352941176470587 0.21847246891651867
1 0.6170588235294117 0.5088809946714032 0.14705882352941174 0.30728241563055064
1 0.7635294117647058 0.4715808170515098 0.13176470588235292 0.19360568383658971
1 0.8623529411764705 0.3561278863232682 0.10352941176470587 0.23623445825932504
1 0.6994117647058823 0.30017761989342806 0.08117647058823528 0.09946714031971582
1 0.6247058823529411 0.31438721136767317 0.05647058823529411 0.12078152753108348
1 0.5258823529411765 0.3454706927175844 0.03529411764705882 0.20781527531083482
1 0.438235294117647 0.28507992895204265 0.057647058823529405 0.07992895204262877
1 0.37470588235294117 0.3046181172291297 0.04352941176470588 0.10479573712255773
1 0.3076470588235294 0.3747779751332149 0.06941176470588235 0.09236234458259325
1 0.15235294117647058 0.3507992895204263 0.045882352941176464 0.06571936056838366
1 0.11176470588235293 0.40674955595026646 0.06352941176470588 0.10657193605683837
1 0.05294117647058823 0.34458259325044405 0.042352941176470586 0.06039076376554174
1 0.08470588235294117 0.2682060390763766 0.03529411764705882 0.035523978685612786
1 0.14352941176470588 0.2753108348134991 0.018823529411764704 0.035523978685612786
1 0.18588235294117644 0.27797513321492007 0.018823529411764704 0.03730017761989343
1 0.2994117647058823 0.2886323268206039 0.027058823529411764 0.06927175843694494
