1 0.24437781109445278 0.47700000000000004 0.05997001499250375 0.146
1 0.04947526236881559 0.494 0.08995502248875561 0.17200000000000001
1 0.5742128935532234 0.668 0.14692653673163417 0.396
1 0.6934032983508246 0.558 0.1184407796101949 0.256
1 0.7818590704647675 0.486 0.09745127436281859 0.184
1 0.8598200899550225 0.494 0.06446776611694152 0.20800000000000002
1 0.9130434782608695 0.461 0.05997001499250375 0.158
1 0.6806596701649176 0.41500000000000004 0.05397301349325337 0.046
1 0.6206896551724138 0.487 0.05397301349325337 0.146
1 0.547976011994003 0.441 0.037481259370314844 0.10200000000000001
