1 0.18515625000000002 0.8635416666666667 0.16718750000000002 0.26875
1 0.3453125 0.8572916666666667 0.16562500000000002 0.28125
1 0.77734375 0.8552083333333333 0.0921875 0.20625
1 0.05234375 0.8583333333333333 0.0890625 0.2625
1 0.44765625000000003 0.771875 0.045312500000000006 0.14375
1 0.503125 0.6041666666666666 0.040625 0.14583333333333334
1 0.525 0.7822916666666666 0.03125 0.14791666666666667
1 0.8359375 0.7625 0.034375 0.07916666666666666
1 0.94453125 0.8260416666666667 0.060937500000000006 0.13541666666666666
1 0.13046875 0.7364583333333333 0.0421875 0.07708333333333334
1 0.30781250000000004 0.6989583333333333 0.037500000000000006 0.04375
1 0.84375 0.6114583333333333 0.046875 0.13541666666666666
1 0.9671875000000001 0.7364583333333333 0.03125 0.04791666666666666
1 0.70625 0.821875 0.059375000000000004 0.18125
