1 0.2016666666666667 0.43875000000000003 0.22333333333333336 0.5575
1 0.6416666666666667 0.4 0.12333333333333334 0.52
1 0.49250000000000005 0.4625 0.07833333333333334 0.54
1 0.32583333333333336 0.2425 0.07500000000000001 0.125
1 0.0475 0.38375000000000004 0.095 0.5025000000000001
1 0.09416666666666668 0.10875 0.03833333333333334 0.0775
1 0.04833333333333334 0.2 0.08666666666666667 0.255
1 0.7858333333333334 0.5387500000000001 0.19166666666666668 0.8725
1 0.88 0.19625 0.14333333333333334 0.3275
1 0.9741666666666667 0.28250000000000003 0.04833333333333334 0.31
1 0.5191666666666667 0.27125 0.028333333333333335 0.1225
1 0.2391666666666667 0.1375 0.06166666666666667 0.1
1 0.41000000000000003 0.4475 0.08666666666666667 0.525
