1 0.22038980509745126 0.735 0.2368815592203898 0.482
1 0.2833583208395802 0.443 0.09295352323838081 0.138
1 0.4415292353823088 0.372 0.06146926536731634 0.088
1 0.4962518740629685 0.47500000000000003 0.11094452773613193 0.20600000000000002
1 0.6176911544227885 0.47300000000000003 0.08995502248875561 0.186
1 0.026986506746626684 0.422 0.050974512743628186 0.128
1 0.03523238380809595 0.312 0.05247376311844078 0.088
1 0.15217391304347824 0.354 0.06446776611694152 0.152
1 0.7188905547226386 0.556 0.15742128935532235 0.272
1 0.8988005997001499 0.741 0.19640179910044978 0.502
1 0.04422788605697151 0.799 0.08845577211394302 0.398
1 0.0967016491754123 0.505 0.10044977511244378 0.158
1 0.3073463268365817 0.324 0.050974512743628186 0.108
1 0.5397301349325337 0.307 0.038980509745127435 0.082
1 0.5809595202398801 0.291 0.043478260869565216 0.062
1 0.3950524737631184 0.47800000000000004 0.0944527736131934 0.132
1 0.3613193403298351 0.362 0.050974512743628186 0.084
1 0.8058470764617691 0.434 0.05547226386806597 0.1
1 0.7788605697151424 0.342 0.037481259370314844 0.04
1 0.6551724137931034 0.352 0.035982008995502246 0.08
