1 0.06362612612612613 0.764 0.125 0.452
1 0.43355855855855857 0.675 0.13963963963963963 0.406
1 0.6368243243243243 0.789 0.1768018018018018 0.418
1 0.6587837837837838 0.39 0.07882882882882883 0.18
1 0.28885135135135137 0.667 0.16103603603603603 0.306
1 0.2376126126126126 0.436 0.04279279279279279 0.088
1 0.3288288288288288 0.435 0.038288288288288286 0.062
1 0.8879504504504504 0.541 0.07545045045045044 0.178
1 0.06644144144144144 0.501 0.08558558558558559 0.10200000000000001
1 0.01632882882882883 0.457 0.030405405405405404 0.14200000000000002
1 0.973536036036036 0.653 0.05067567567567568 0.14200000000000002
