1 0.3275862068965517 0.47900000000000004 0.06146926536731634 0.226
1 0.06521739130434782 0.789 0.12443778110944527 0.402
1 0.5742128935532234 0.5760000000000001 0.13493253373313344 0.504
1 0.6806596701649176 0.535 0.06896551724137931 0.17400000000000002
1 0.8095952023988006 0.52 0.08395802098950525 0.152
1 0.17466266866566715 0.536 0.06746626686656672 0.112
1 0.11244377811094453 0.625 0.12293853073463268 0.178
1 0.4302848575712144 0.47200000000000003 0.038980509745127435 0.08
1 0.043478260869565216 0.466 0.047976011994003 0.068
1 0.7428785607196402 0.47400000000000003 0.05547226386806597 0.076
1 0.11619190404797601 0.498 0.031484257871064465 0.064
