1 0.615 0.5599999999999999 0.082 0.16533333333333333
1 0.557 0.248 0.034 0.07466666666666666
1 0.398 0.9546666666666667 0.06 0.07466666666666666
1 0.19 0.07066666666666667 0.032 0.050666666666666665
1 0.078 0.06133333333333333 0.02 0.03733333333333333
1 0.509 0.058666666666666666 0.03 0.05333333333333333
1 0.797 0.10133333333333333 0.03 0.08
1 0.895 0.11733333333333333 0.03 0.058666666666666666
1 0.67 0.076 0.032 0.04533333333333333
1 0.5650000000000001 0.088 0.022 0.032
1 0.653 0.288 0.034 0.096
1 0.23700000000000002 0.9706666666666667 0.034 0.042666666666666665
1 0.156 0.9653333333333333 0.024 0.032
