1 0.10968074150360453 0.451 0.12255406797116375 0.318
1 0.7811534500514933 0.248 0.07723995880535531 0.436
1 0.9557157569515963 0.28400000000000003 0.08650875386199794 0.324
1 0.5952626158599382 0.542 0.08444902162718847 0.40800000000000003
1 0.34397528321318227 0.25 0.055612770339855816 0.084
1 0.43975283213182287 0.2 0.04737384140061792 0.084
1 0.5015447991761071 0.14300000000000002 0.04325437693099897 0.08600000000000001
1 0.601956745623069 0.116 0.042224510813594233 0.124
1 0.6719876416065911 0.223 0.042224510813594233 0.126
1 0.6323377960865088 0.312 0.04737384140061792 0.196
1 0.8609680741503605 0.256 0.05767250257466529 0.124
