1 0.1484375 0.4375 0.12812500000000002 0.17083333333333334
1 0.33125000000000004 0.42083333333333334 0.084375 0.14166666666666666
1 0.4109375 0.353125 0.05 0.10625
1 0.47421875 0.37395833333333334 0.0578125 0.08125
1 0.6203125 0.39791666666666664 0.05625 0.125
1 0.78671875 0.5177083333333333 0.1296875 0.23958333333333334
1 0.9187500000000001 0.4979166666666667 0.15000000000000002 0.23333333333333334
1 0.13671875 0.31979166666666664 0.0484375 0.06458333333333333
1 0.20546875 0.3697916666666667 0.0703125 0.11875
1 0.50234375 0.5447916666666667 0.11093750000000001 0.24375
1 0.07578125000000001 0.371875 0.0859375 0.11041666666666666
