1 0.19010123734533185 0.637 0.13048368953880765 0.634
1 0.5354330708661418 0.585 0.1079865016872891 0.6980000000000001
1 0.060179977502812156 0.41600000000000004 0.061867266591676046 0.36
1 0.7272215973003375 0.525 0.09786276715410575 0.598
1 0.8745781777277841 0.243 0.06861642294713162 0.126
1 0.8818897637795277 0.678 0.12373453318335209 0.552
1 0.938132733408324 0.34 0.0719910011248594 0.124
1 0.6310461192350957 0.505 0.10573678290213724 0.53
1 0.2924634420697413 0.40900000000000003 0.05174353205849269 0.374
1 0.1614173228346457 0.246 0.05061867266591676 0.076
1 0.38132733408323966 0.615 0.16197975253093366 0.766
1 0.22272215973003376 0.27 0.05174353205849269 0.096
