1 0.211 0.5466472303206997 0.154 0.521865889212828
1 0.767 0.6559766763848396 0.23800000000000002 0.5830903790087464
1 0.488 0.3965014577259475 0.06 0.16909620991253643
1 0.40800000000000003 0.4518950437317784 0.084 0.27405247813411077
1 0.08600000000000001 0.4037900874635568 0.036000000000000004 0.17784256559766765
1 0.927 0.39941690962099125 0.07 0.1924198250728863
1 0.8320000000000001 0.4110787172011662 0.024 0.10495626822157435
1 0.561 0.39504373177842567 0.066 0.15451895043731778
1 0.628 0.4008746355685131 0.048 0.119533527696793
1 0.34 0.3877551020408163 0.036000000000000004 0.10495626822157435
